1	2	0.4524
1	3	0.5476
1	1509	1
1	1961	0.5
2	4	0.5
3	5	0.5
4	1509	0.3594
4	1510	0.2969
4	3567	0.3309
5	1595	0.5
5	1961	0.4524
5	1962	0.5476
6	7	0.033
6	8	0.1409
6	9	0.0939
6	10	0.1061
6	11	0.0661
6	12	0.0296
6	13	0.0261
6	14	0.0278
6	798	0.0909
6	2528	0.1667
6	3106	0.1055
6	3445	0.1916
6	3592	0.2209
6	3669	0.0526
6	4129	0.2
6	4313	0.0435
7	15	0.0844
8	16	0.178
9	17	0.1051
10	18	0.337
11	19	0.5
12	20	0.0588
13	21	0.2
14	22	0.0435
15	293	0.137
15	335	0.0213
15	798	0.0203
15	799	0.0554
15	800	0.0362
15	801	0.0394
15	802	0.0405
15	803	0.1183
15	804	0.0171
15	1753	0.0667
15	2636	0.288
15	3552	0.2216
15	3938	0.2748
15	4130	0.1667
16	1385	0.0909
16	1422	0.2
16	2013	0.3333
16	2078	0.2895
16	2528	0.1762
16	2529	0.016
16	2530	0.0824
16	2531	0.0732
16	2532	0.016
16	2533	0.0847
16	2534	0.0481
16	2535	0.0732
16	2536	0.0069
16	2537	0.0847
16	2902	0.25
16	3154	0.2483
16	3446	0.3284
16	3635	0.1255
16	4317	0.0556
17	29	0.2323
17	339	0.0435
17	464	0.0381
17	1432	0.2469
17	1435	0.1667
17	1799	0.0994
17	2446	0.0867
17	2594	0.0664
17	2651	0.0312
17	3097	0.1
17	3106	0.0386
17	3107	0.049
17	3108	0.0214
17	3109	0.0379
17	3110	0.0131
17	3111	0.0131
17	3112	0.0117
17	3113	0.0248
17	3114	0.0159
17	3115	0.0117
17	3116	0.0048
17	3117	0.0262
17	3118	0.0221
17	3119	0.0269
17	3120	0.0124
17	3121	0.0117
17	3122	0.009
17	3123	0.0159
17	3125	0.3978
17	3681	0.0563
17	3871	0.1423
17	3923	0.2
17	4245	0.1429
17	4298	0.0357
17	4318	0.0345
18	2534	0.5
18	3445	0.4917
18	3446	0.1833
18	3447	0.325
18	4132	1
19	1436	0.9744
19	3592	0.4043
19	3593	0.4043
20	1368	0.2533
20	1800	0.4341
20	2158	0.5
20	2595	0.1964
20	3669	0.0623
20	3670	0.0623
20	3671	0.1834
20	3672	0.1453
20	3673	0.1142
21	804	0.2
21	2058	0.4935
21	3447	0.4875
21	4129	0.0744
21	4130	0.0698
21	4131	0.1814
21	4132	0.1767
22	297	0.0664
22	341	0.0192
22	468	0.0181
22	2537	0.0492
22	3123	0.0331
22	3518	0.0185
22	3538	0.0286
22	3888	0.1113
22	4206	0.0625
22	4267	0.0469
22	4301	0.2288
22	4306	0.1818
22	4311	0.1188
22	4313	0.0033
22	4314	0.0074
22	4315	0.0067
22	4316	0.0069
22	4317	0.0069
22	4318	0.0045
22	4319	0.0069
22	4320	0.0027
22	4321	0.0108
22	4322	0.0031
22	4323	0.0045
22	4324	0.0202
22	4325	0.0004
22	4326	0.0119
22	4327	0.0689
22	4328	0.0437
22	4329	0.0682
22	4330	0.0221
22	4331	0.0076
22	4334	0.3988
22	4343	0.226
22	4354	0.5599
22	4359	0.2734
22	4360	0.2484
23	24	0.5263
23	25	0.4737
23	322	1
23	2669	0.5
24	26	1
25	27	0.5
26	322	0.4737
26	323	0.5263
26	2196	1
27	2666	1
27	2669	0.5263
27	2670	0.4737
28	29	0.4929
28	30	0.2143
28	31	0.2929
28	3107	0.5
28	3424	0.5
28	4241	0.5
30	32	0.3333
31	33	0.3417
32	2448	0.1429
32	2889	0.25
32	3424	0.2762
32	3425	0.2857
33	467	0.0385
33	788	0.4884
33	2342	0.3333
33	3121	0.1667
33	3298	0.3333
33	3855	0.0833
33	4241	0.1111
33	4242	0.0833
33	4243	0.0639
33	4244	0.0917
33	4245	0.0444
33	4246	0.05
33	4247	0.1333
34	35	0.4868
34	36	0.5132
34	3977	0.4937
34	4113	1
35	37	0.3333
36	38	0.3362
37	3035	0.2508
37	3977	0.0907
37	3978	0.1674
37	3979	0.1651
37	3980	0.1628
37	4117	0.25
37	4352	0.1
38	833	0.25
38	2048	0.25
38	2217	0.3333
38	3979	0.2
38	4113	0.046
38	4114	0.0896
38	4115	0.046
38	4116	0.046
38	4117	0.0871
39	40	0.5
39	41	0.5
39	1403	0.5
39	3612	0.3333
40	42	0.125
41	43	0.5
42	179	0.0167
42	1098	0.016
42	1403	0.3158
42	1404	0.1053
42	1405	0.1053
42	1406	0.4737
42	3843	0.1351
43	2876	0.5
43	3612	0.5
43	3613	0.5
44	45	0.4805
44	46	0.4545
44	2246	0.6364
44	3984	0.4933
45	47	0.5068
46	48	0.5
47	882	0.5
47	2246	0.3889
47	2247	0.4111
48	3984	0.1841
48	3985	0.1741
48	4136	0.4932
49	50	0.4886
49	51	0.4659
49	1418	0.5
49	1427	0.4078
49	1916	0.3333
50	52	0.6719
51	53	1
52	1418	0.4884
52	1419	0.5
52	2938	0.5
53	1427	0.506
53	1428	0.494
53	1917	1
54	55	0.471
54	56	0.2609
54	2002	0.2895
54	2791	0.3333
55	57	0.5039
56	58	0.5
57	714	0.3333
57	2002	0.5038
57	2003	0.4962
58	2278	0.5
58	2791	0.493
58	2792	0.507
59	60	0.1462
59	61	0.1415
59	62	0.0189
59	63	0.184
59	64	0.0142
59	65	0.0755
59	66	0.0094
59	67	0.8462
59	560	0.2013
59	2724	0.0625
59	2831	0.1114
59	3365	0.2857
59	3721	0.1429
59	4036	0.2
60	67	0.5156
60	68	0.4844
60	69	0.3906
60	3730	0.8889
61	70	0.2055
62	71	0.0645
63	72	0.1111
64	73	0.5
65	74	0.1429
66	75	0.2
68	69	1
69	3105	0.569
69	3730	0.125
69	3731	0.4844
70	560	0.1435
70	561	0.0526
70	562	0.0909
70	2725	0.0909
70	3722	0.3585
71	561	0.0917
71	737	0.1111
71	1062	0.3301
71	1619	0.1875
71	2724	0.0126
71	2725	0.0346
71	2726	0.1101
71	2727	0.0063
71	2728	0.0126
71	2729	0.0818
71	2730	0.0031
71	2731	0.1195
71	2732	0.066
71	2733	0.1006
71	2735	0.4
71	2741	0.5319
71	3620	0.0714
71	3661	0.0833
71	3724	0.1106
71	4014	0.2067
72	908	0.1241
72	1078	0.125
72	1153	0.2869
72	1717	0.1667
72	2481	0.0577
72	2830	0.0034
72	2831	0.1345
72	2832	0.0034
72	2833	0.0172
72	2834	0.0345
72	2835	0.0034
72	2836	0.0172
72	2837	0.0138
72	2838	0.131
72	2839	0.0724
72	2840	0.0621
72	2841	0.5
72	3662	0.0312
72	3873	0.8696
72	4024	0.1667
72	4037	0.3214
73	3365	0.4
73	3366	0.6
73	4038	0.5
74	562	0.2714
74	1620	0.17
74	2732	0.1123
74	2746	0.2467
74	3721	0.0218
74	3722	0.0277
74	3723	0.0495
74	3724	0.032
74	3725	0.0524
75	2839	0.25
75	3366	0.3333
75	4029	0.3333
75	4036	0.0784
75	4037	0.3529
75	4038	0.0392
75	4039	0.0196
75	4040	0.3725
76	77	0.2812
76	78	0.0156
76	79	0.2344
76	156	0.1635
76	395	0.0185
76	1970	0.0955
77	80	0.2
78	81	0.0179
79	82	0.0955
80	156	0.4857
80	157	0.5143
80	1630	0.1111
81	214	0.0192
81	395	0.0011
81	396	0.0181
81	397	0.0629
81	398	0.0043
81	399	0.1055
81	400	0.0021
81	401	0.0235
81	997	0.2542
81	1712	0.0278
81	1847	0.2879
81	2624	0.0399
82	180	0.0714
82	1586	0.0417
82	1714	0.0294
82	1970	0.1923
82	1971	0.3718
82	1972	0.1795
82	1973	0.0128
83	84	0.5
83	85	0.5
83	2570	1
83	2955	1
84	86	1
85	87	1
86	2570	0.5
86	2571	0.5
86	2819	0.5
87	2955	0.5
87	2956	0.5
87	4031	0.5
88	89	0.0048
88	90	0.2571
88	91	0.181
88	92	0.1905
88	1610	0.3356
88	2850	0.199
88	3376	0.4872
89	93	0.0769
90	94	1
91	95	0.2
92	96	0.4762
93	1174	0.1741
93	1175	0.1741
93	1176	0.0045
93	1177	0.2991
93	1805	0.1258
93	3027	0.2484
93	3860	0.3333
93	4019	0.2
94	1610	0.4808
94	1611	0.5192
94	3726	0.9804
95	1810	0.0397
95	1857	0.0909
95	2482	0.1066
95	2615	0.0375
95	2850	0.0789
95	2851	0.0335
95	2852	0.0039
95	2853	0.0888
95	2854	0.0907
95	2855	0.144
95	2856	0.0986
95	2857	0.0296
95	2859	0.3333
95	3030	0.0667
95	3308	0.2069
95	3727	0.3673
95	4218	0.0455
96	1859	0.2517
96	3376	0.242
96	3377	0.2548
97	98	0.5217
97	99	0.4783
97	2548	0.5
97	2565	0.25
98	100	0.5
99	101	0.25
100	2183	0.5
100	2548	0.4783
100	2549	0.5217
101	2565	0.5
101	2566	0.0417
101	2567	0.4583
101	2818	0.3333
102	103	0.0903
102	104	0.0968
102	105	0.0065
102	106	0.0258
102	521	0.0455
102	1009	0.0855
102	3137	0.1172
102	3207	0.0282
102	3218	0.028
103	107	0.0704
104	108	0.1667
105	109	0.0345
106	110	0.0242
107	981	0.0899
107	1009	0.3514
107	1010	0.2432
107	1011	0.1351
107	3220	0.05
108	524	0.0833
108	528	0.1538
108	3137	0.2542
108	3138	0.2203
108	3139	0.0339
109	436	0.0333
109	3139	0.0328
109	3207	0.0063
109	3208	0.0031
109	3209	0.0063
109	3210	0.0566
109	3211	0.0409
109	3212	0.0031
109	3213	0.0063
109	3214	0.044
109	3223	0.0135
109	3248	0.5429
109	3251	0.5
109	3504	0.2
109	3768	0.1429
109	3849	0.3824
110	982	0.0703
110	1011	0.0435
110	2516	0.1429
110	2584	0.3939
110	3218	0.0286
110	3219	0.0762
110	3220	0.0476
110	3221	0.0857
110	3222	0.0762
110	3223	0.0095
111	112	0.4524
111	113	0.0476
111	114	0.0476
111	115	0.4524
111	120	1
111	2020	0.25
111	3519	0.3333
111	3522	0.3333
112	116	0.3958
113	117	0.1111
114	118	0.1667
115	119	0.3304
116	120	0.2879
116	121	0.2879
116	2021	0.2517
117	121	0.3333
117	2020	0.0147
117	2021	0.1392
117	2022	0.2821
117	2023	0.033
117	2024	0.1612
117	2071	0.1827
117	2645	0.1333
117	3785	0.4944
118	119	0.131
118	2653	0.0588
118	3490	0.3766
118	3519	0.0138
118	3520	0.0552
118	3521	0.2
118	3523	0.5067
119	3522	0.5
119	3523	0.5
122	123	0.3519
122	124	0.3519
122	1585	0.2568
122	1710	0.3519
123	125	0.1696
124	126	0.3455
125	1585	0.5758
125	1586	0.4242
125	1972	0.0417
126	215	0.0588
126	398	0.0276
126	813	0.1111
126	1710	0.2159
126	1711	0.0455
126	1712	0.0227
126	1713	0.1818
126	1714	0.0114
126	1715	0.1023
126	1973	0.0286
126	3668	0.2
127	128	0.493
127	129	0.507
127	2416	1
127	3180	0.5
128	130	0.9722
129	131	0.25
130	2416	0.3529
130	2417	0.1471
130	2418	0.5
130	3185	0.3265
130	3640	0.5
131	569	0.0667
131	1728	0.3333
131	1730	0.3474
131	2081	0.0707
131	2082	0.5
131	2417	0.25
131	3180	0.0749
131	3181	0.0278
131	3182	0.0835
131	3183	0.0771
131	3184	0.0021
131	3185	0.0343
131	3186	0.1049
131	3187	0.0728
131	3188	0.0364
131	3189	0.0707
131	3268	0.2766
131	3337	0.2
131	3641	0.1667
131	4203	0.1549
132	133	0.475
132	134	0.525
132	567	0.5
132	3420	0.475
133	135	0.1979
134	136	0.3333
135	567	0.0408
135	568	0.1398
135	569	0.0252
135	570	0.0272
135	571	0.1379
135	1508	0.19
135	3181	0.0667
135	3422	0.1429
135	3509	0.2
135	3550	0.2483
136	219	0.0769
136	570	0.1667
136	574	0.2222
136	575	0.5278
136	3420	0.2346
136	3421	0.1728
136	3422	0.1605
136	3423	0.037
137	138	0.5395
137	139	0.4605
137	1984	0.5
137	2438	0.5
138	140	1
139	141	1
140	1984	0.4605
140	1985	0.5395
140	2228	0.5
141	2438	0.5395
141	2439	0.4605
141	2947	1
142	143	0.1395
142	144	0.1395
142	145	0.1473
142	146	0.2946
142	840	0.0714
142	2004	0.25
142	3072	0.25
142	3274	0.3228
143	147	0.0714
144	148	0.25
145	149	0.2533
146	150	0.6552
147	840	0.0596
147	841	0.0596
147	842	0.0894
147	843	0.0629
147	3496	0.1439
147	3513	0.1154
147	3638	0.25
148	232	0.2897
148	2004	0.0823
148	2005	0.1645
148	2006	0.1775
148	2007	0.0779
148	3275	0.4043
148	3762	0.2
149	3072	0.1098
149	3073	0.1159
149	3465	0.2
150	2006	0.5
150	3274	0.519
150	3275	0.481
151	152	0.5
151	153	0.5
151	1675	0.25
151	3845	0.375
152	154	0.25
153	155	0.4286
154	435	0.0845
154	1329	0.0417
154	1331	0.1948
154	1675	0.0273
154	1676	0.1636
154	1677	0.0091
154	1678	0.1364
154	1679	0.0182
154	1680	0.1455
154	3503	0.0198
154	3846	0.1429
154	3909	0.0829
155	3845	0.2727
155	3846	0.0909
155	3847	0.2727
155	3910	0.2
157	158	0.0914
158	1630	0.4722
158	1631	0.5
158	2498	0.1667
159	160	0.1635
159	161	0.3606
159	162	0.0096
159	163	0.1779
159	3039	0.4932
159	3378	0.2509
159	3837	0.1765
159	4096	0.118
160	164	1
161	165	0.2113
162	166	0.1667
163	167	0.1
164	1568	0.507
164	3039	0.5143
164	3040	0.4857
165	1499	0.3363
165	2314	0.0833
165	2982	0.2
165	3378	0.1423
165	3379	0.076
165	3380	0.0292
165	3381	0.0799
165	3382	0.0292
165	3383	0.0682
165	3739	0.0588
165	3983	0.2
166	967	0.3989
166	1569	0.3333
166	2301	0.5
166	3837	0.0154
166	3838	0.3744
166	3839	0.1846
166	3840	0.2
166	3841	0.0103
166	4103	0.2308
167	920	0.1429
167	968	0.2045
167	1724	0.0995
167	2207	0.1429
167	2307	0.0556
167	2911	0.221
167	3841	0.25
167	4096	0.0691
167	4097	0.0653
167	4098	0.144
167	4099	0.0729
167	4100	0.0672
167	4101	0.0365
167	4102	0.0729
167	4103	0.0058
168	169	0.2812
168	170	0.2969
168	171	0.125
168	172	0.1328
168	2015	0.2846
168	2722	0.2229
168	2975	0.0909
168	4144	0.0994
169	173	0.5
170	174	0.2011
171	175	0.0909
172	176	0.0895
173	2015	0.5068
173	2016	0.4932
173	2041	1
174	1294	0.25
174	2722	0.3854
174	2723	0.3958
175	1295	0.5
175	1296	0.0934
175	2177	0.1978
175	2975	0.0879
175	2976	0.0055
175	2977	0.5055
175	2978	0.1044
175	2980	0.5846
175	3537	0.5
175	3561	0.4022
176	1482	0.154
176	1725	0.099
176	2042	0.1827
176	2219	0.25
176	3088	0.2527
176	3746	0.0286
176	3821	0.0909
176	4126	0.0588
176	4144	0.0105
176	4145	0.0006
176	4146	0.0415
176	4147	0.0241
176	4148	0.0229
176	4149	0.0229
176	4150	0.06
176	4151	0.0136
176	4152	0.0421
176	4153	0.0235
176	4154	0.0625
176	4155	0.0235
176	4156	0.0563
176	4157	0.0031
176	4159	0.262
176	4167	0.3333
176	4310	0.0834
176	4353	0.0476
177	178	0.0252
177	179	0.0252
177	180	0.1824
177	181	0.0881
177	182	0.0755
177	777	0.0112
177	1404	0.0135
177	1971	0.1025
177	2074	0.1667
177	3036	0.0588
178	183	0.011
181	184	0.3333
182	185	0.125
183	652	0.25
183	777	0.0205
183	778	0.0923
183	779	0.0821
183	780	0.0154
183	1628	0.125
183	4226	0.0127
184	2074	0.5
184	2075	0.5
184	3272	0.1429
185	3036	0.5
185	3037	0.5
185	3041	0.1
186	187	0.2468
186	188	0.2532
186	190	1
186	3802	1
187	189	1
188	2069	1
188	3802	0.4935
188	3803	0.5065
189	190	0.5065
189	191	0.4935
189	1498	0.5
191	192	0.5
192	1498	0.5065
192	1499	0.4935
192	3379	0.5065
193	194	0.32
193	195	0.35
193	196	0.02
193	1050	0.3535
193	1131	0.5231
194	197	0.9143
195	198	0.9722
196	199	0.5
197	1050	0.5224
197	1051	0.4776
197	3341	0.875
198	1131	0.4928
198	1132	0.5072
198	3660	0.5
199	1051	0.6809
199	3341	0.5072
199	3342	0.4928
199	3529	0.4795
200	201	0.5
200	202	0.5
200	1892	0.3333
200	2000	0.5
201	203	0.2
202	204	0.3333
203	1695	0.3348
203	1892	0.0932
203	1893	0.2391
203	1894	0.1242
203	1895	0.2112
203	3737	0.1451
203	3756	0.2917
204	649	0.2
204	2000	0.25
204	2001	0.25
205	206	0.4762
205	207	0.5238
205	1274	0.25
205	2398	0.3333
206	208	0.25
207	209	0.2
208	754	1
208	1274	0.5116
208	1275	0.4186
208	1276	0.0698
208	2400	0.1429
208	3997	0.1111
209	1220	0.1695
209	2398	0.4444
209	2399	0.4889
209	2400	0.0222
209	3306	0.1
210	211	1
210	2607	0.1098
211	212	0.1126
212	2459	0.1978
212	2607	0.2338
212	2608	0.2208
213	214	0.0275
213	215	0.0026
213	216	0.0354
213	217	0.017
213	218	0.0144
213	219	0.017
213	220	0.0577
213	221	0.0223
213	222	0.0498
213	223	0.0249
213	396	0.0188
213	1711	0.0533
213	2129	0.1186
213	2352	0.0909
213	2642	0.0315
213	3421	0.0628
213	3426	0.0749
213	3576	0.1667
213	3805	0.1972
213	3807	0.1795
216	224	0.1627
217	225	0.1
218	226	0.0357
220	227	0.0685
221	228	0.1667
222	229	0.2901
223	230	0.5278
224	2129	0.4746
224	2130	0.3729
224	2131	0.0847
224	2353	0.5
224	3431	0.2
225	2130	0.3143
225	2352	0.0568
225	2353	0.1004
225	2354	0.0568
225	2355	0.0961
225	2757	0.2
225	2789	0.2644
226	1465	0.1186
226	1518	0.1326
226	2023	0.1071
226	2604	0.1421
226	2642	0.0124
226	2643	0.0268
226	2644	0.0695
226	2645	0.0055
226	2646	0.0007
226	2647	0.0193
226	2648	0.053
226	2649	0.0248
226	2650	0.0117
226	2651	0.0124
226	2652	0.0138
226	2653	0.011
226	2654	0.011
226	2655	0.0317
226	2656	0.0117
226	2658	0.25
226	2660	0.1203
226	2709	0.1
226	3115	0.0294
226	3432	0.071
226	3520	0.0526
226	3783	0.0714
226	3850	0.0536
226	4263	0.05
227	1027	0.2
227	1842	0.3514
227	2099	0.256
227	2102	0.2
227	2131	0.122
227	2652	0.0826
227	3076	0.25
227	3426	0.039
227	3427	0.0032
227	3428	0.039
227	3429	0.0348
227	3430	0.0359
227	3431	0.0053
227	3432	0.0253
227	3433	0.038
227	3434	0.0443
227	4264	0.1325
228	814	0.5
228	3576	0.0792
228	3577	0.2723
228	3578	0.2079
228	3806	0.3333
229	3578	0.913
229	3805	0.525
229	3806	0.475
230	3527	0.21
230	3807	0.5
230	3808	0.4524
231	232	0.525
231	233	0.475
231	2005	1
231	3761	0.6885
233	234	0.2901
234	2007	0.2
234	3319	0.306
234	3396	0.1429
234	3745	0.0455
234	3761	0.2625
234	3762	0.1187
234	3763	0.3438
234	3764	0.1125
234	3765	0.0125
235	236	0.5132
235	237	0.4868
235	2059	0.5
235	4200	0.5
236	238	0.4937
237	239	0.3333
238	2059	0.1474
238	2060	0.1514
238	2061	0.1355
238	2062	0.1315
238	3068	0.5
238	3881	0.3333
238	4202	0.25
239	892	0.247
239	2062	0.2
239	3189	0.1429
239	3338	0.2885
239	3885	0.1111
239	4200	0.0961
239	4201	0.0985
239	4202	0.0837
239	4203	0.0813
239	4204	0.1724
239	4205	0.0443
239	4206	0.0369
239	4322	0.0625
240	241	0.0541
240	242	0.4865
240	243	0.2973
240	244	0.1622
240	1490	0.3333
240	1883	0.1
240	2054	0.1912
241	245	0.0769
242	246	0.5
243	247	0.084
244	248	0.1714
245	773	0.0783
245	774	0.0553
245	775	0.0184
245	776	0.4286
245	1491	0.0909
245	2149	0.0632
245	3659	0.0385
245	4048	0.1596
246	773	0.1735
246	1490	0.4857
246	1491	0.5143
247	1883	0.0972
247	1884	0.1806
247	1885	0.2361
247	2055	0.1935
247	2202	0.0837
248	1884	0.2549
248	2054	0.6842
248	2055	0.3158
249	250	0.1514
249	251	0.1027
249	252	0.2541
249	942	0.2154
249	1167	0.3455
249	2970	0.9792
250	253	0.5
251	254	1
252	255	0.7966
253	942	0.5
253	943	0.5
253	1052	0.3333
254	730	1
254	1167	0.5
254	1168	0.5
255	2965	0.5054
255	2970	0.4234
255	2971	0.4234
256	257	0.0046
256	258	0.1735
256	259	0.1918
256	260	0.0091
256	261	0.0091
256	1188	0.1667
256	1413	0.4
256	1632	0.4556
256	2895	0.2
256	3167	0.1667
257	262	0.25
258	263	0.9744
259	264	0.4941
260	265	0.1667
261	266	0.1429
262	1188	0.0128
262	1189	0.4872
262	1190	0.4744
262	1416	0.973
262	3168	1
263	1413	0.5128
263	1414	0.4615
263	1415	0.0256
263	1417	0.9744
263	3171	0.25
264	1632	0.41
264	1633	0.42
264	2896	0.5
265	1633	0.3182
265	2878	0.3632
265	2895	0.0012
265	2896	0.0484
265	2897	0.0838
265	2898	0.039
265	2899	0.0213
265	2940	0.5
265	3834	0.2
266	1190	0.2552
266	1196	0.3333
266	1283	0.2245
266	1415	0.1667
266	1913	0.1599
266	3167	0.003
266	3168	0.0591
266	3169	0.0485
266	3170	0.05
266	3171	0.003
266	3172	0.0773
267	268	0.279
267	269	0.1545
267	270	0.0858
267	271	0.2403
267	272	0.0086
267	276	0.4521
267	2063	0.1429
267	3880	0.0914
267	4260	0.596
267	4304	0.0588
268	273	0.9139
268	276	0.5038
269	277	0.1429
270	278	0.0976
271	275	0.4828
272	279	0.0588
273	274	0.5823
273	275	0.0885
273	4261	1
274	275	0.7132
275	1028	0.2308
275	2656	0.0526
275	3434	0.1342
275	3812	0.25
275	3886	0.0833
275	4258	0.0375
275	4259	0.0885
275	4260	0.0791
275	4261	0.0362
275	4262	0.0013
275	4263	0.0241
275	4264	0.0536
275	4265	0.0469
275	4266	0.0228
275	4267	0.0308
275	4275	1
275	4276	1
275	4323	0.0466
277	2063	0.3394
277	2064	0.3303
277	3070	0.5
278	2061	0.3333
278	2239	0.0016
278	3069	0.5
278	3071	0.3333
278	3464	0.6637
278	3880	0.0278
278	3881	0.0539
278	3882	0.0621
278	3883	0.0605
278	3884	0.1193
278	3885	0.0294
278	3886	0.0294
278	3887	0.0588
278	3888	0.0866
278	4205	0.125
278	4266	0.0769
278	4305	0.2
278	4321	0.1253
279	3887	0.1978
279	4304	0.0045
279	4305	0.0742
279	4306	0.009
279	4307	0.1685
279	4308	0.2427
279	4325	0.1667
279	4358	0.6207
279	4363	0.3348
280	281	0.1481
280	282	0.2275
280	283	0.381
280	2425	0.2821
280	2699	0.5
280	3512	0.3333
281	284	0.2857
282	285	1
283	286	0.2315
284	1101	0.1429
284	1953	0.1667
284	2114	0.0031
284	2425	0.0506
284	2426	0.1472
284	2427	0.0215
284	2428	0.0015
284	2429	0.0015
284	2430	0.0245
284	2431	0.0598
284	2432	0.0491
284	2433	0.0368
284	2434	0.0107
284	2436	0.4493
284	2700	0.3413
284	2701	0.5
284	3514	0.1429
284	3548	0.1111
285	2431	0.5
285	2699	0.4756
285	2700	0.5244
286	842	0.1071
286	1706	0.1905
286	2433	0.1429
286	2778	0.3333
286	3512	0.154
286	3513	0.0586
286	3514	0.0542
286	3515	0.0412
286	3516	0.039
286	3517	0.039
286	3518	0.0716
286	3639	0.1118
286	4071	0.1429
286	4319	0.0185
287	288	0.2533
287	289	0.5067
287	3299	0.3333
287	3348	0.5
288	290	0.4872
289	291	1
290	2773	0.5
290	3299	0.4524
290	3300	0.4524
291	2285	0.5
291	3348	0.5
291	3349	0.5
292	293	0.0818
292	294	0.0262
292	295	0.1931
292	296	0.1637
292	297	0.0589
292	799	0.1571
292	1382	0.1667
292	3937	0.2495
292	4110	0.5161
292	4314	0.0714
294	298	0.1667
295	299	0.2731
296	300	0.6098
298	1382	0.0338
298	1383	0.1622
298	1384	0.1351
298	1385	0.0023
298	1386	0.0158
298	1387	0.0113
298	1388	0.1216
298	1860	0.5
298	2241	0.2788
298	3152	0.0968
298	4111	0.1633
298	4297	0.2194
299	803	0.3333
299	3653	0.3333
299	3937	0.298
299	3938	0.2803
299	3939	0.1061
300	1387	0.2
300	2245	0.1271
300	2974	0.5
300	4110	0.3299
300	4111	0.0275
300	4112	0.1271
300	4210	0.25
301	302	0.2676
301	303	0.2254
301	304	0.507
301	305	1
301	1796	0.2823
302	303	1
302	305	0.507
302	306	0.493
302	2051	1
304	308	0.2517
306	307	0.25
307	318	0.1843
307	2051	0.1659
307	2053	0.3415
308	1796	0.493
308	1797	0.507
308	2050	1
309	310	0.479
309	311	0.4874
309	1091	0.4957
309	2779	0.3333
310	312	0.3167
311	313	0.2489
312	1091	0.1927
312	1092	0.0299
312	1093	0.0266
312	2625	0.0417
312	2780	0.1452
313	996	0.1894
313	1093	0.16
313	2628	0.0703
313	2779	0.2511
313	2780	0.0396
313	2781	0.0485
313	2782	0.1542
313	2784	0.3435
313	3777	0.3333
314	315	0.4878
314	316	0.5122
314	1587	0.336
314	2052	0.5195
315	317	0.4762
316	318	0.6462
317	1587	0.4884
317	1588	0.4651
317	4068	0.4941
318	2052	0.4878
318	2053	0.5122
319	320	1
319	3876	1
320	321	1
321	2275	1
321	3876	0.5
321	3877	0.5
323	324	0.5
324	1768	0.3333
324	2196	0.1915
324	2197	0.2128
325	326	0.2153
325	332	0.1987
326	327	0.1751
327	329	0.2529
327	332	0.0194
327	333	0.0262
327	334	0.0144
327	335	0.0006
327	336	0.0113
327	337	0.0319
327	338	0.0512
327	339	0.0213
327	340	0.0219
327	341	0.0225
327	347	0.25
327	446	0.0137
327	2472	0.0588
327	2590	0.0973
327	2900	0.1803
327	3108	0.0425
327	3224	0.1429
327	3322	0.079
327	4315	0.0192
328	329	0.5059
328	330	0.4941
328	333	0.5
328	2937	0.5181
330	331	0.913
331	1419	0.6515
331	2937	0.5059
331	2938	0.4941
334	342	0.25
336	343	0.0625
337	344	0.1197
338	345	0.2562
340	346	0.0909
342	347	0.9583
343	1350	0.0891
343	2472	0.1018
343	2473	0.2395
343	2474	0.2575
343	4289	0.4881
344	1736	0.5
344	2157	0.25
344	2496	0.4824
344	2590	0.1915
344	2591	0.1489
344	2592	0.1348
344	2593	0.0071
344	2594	0.0638
344	2595	0.117
344	3114	0.068
344	3673	0.2215
345	2593	0.2
345	2900	0.5059
345	2901	0.4824
345	3227	0.4884
346	1755	0.0833
346	2919	0.8958
346	3322	0.1115
346	3323	0.0557
346	3324	0.007
346	3325	0.1533
346	3326	0.0035
346	3327	0.1394
346	3328	0.0662
346	3330	0.9362
346	3801	0.1429
348	349	0.2547
348	350	0.2422
348	1229	0.4938
348	1871	0.5
349	351	0.9318
350	352	0.5065
351	1229	0.4938
351	1230	0.5062
351	1252	1
352	1871	0.3361
352	1872	0.3197
352	3733	0.2485
353	354	0.4933
353	355	0.2467
353	356	0.26
353	1478	0.2885
353	2269	0.5
353	4309	0.3393
354	357	0.2216
355	358	0.25
356	359	0.2468
357	1393	0.233
357	1478	0.1089
357	1479	0.1553
357	1480	0.0668
357	1481	0.0522
357	1482	0.0914
357	2123	0.2
357	2218	0.3333
357	4146	0.1667
358	2268	0.2534
358	2269	0.2466
358	2270	0.5
359	4156	0.0862
359	4309	0.0459
359	4310	0.1137
359	4311	0.0665
359	4312	0.1935
359	4326	0.1229
359	4342	0.2655
360	361	0.3482
360	362	0.1339
360	3493	0.3333
360	3792	0.1667
361	363	0.3333
362	364	0.3333
363	3493	0.1969
363	3494	0.2021
363	4127	0.25
364	1683	0.25
364	3792	0.5
364	3793	0.5
365	366	0.5
365	367	0.5
365	1065	1
365	1473	1
366	368	0.25
367	369	1
368	1065	0.2533
368	1066	0.2533
368	1067	0.2533
368	1068	0.24
368	1218	0.1429
368	1602	0.5
368	4214	0.1667
369	1219	0.3333
369	1473	0.5
369	1474	0.5
370	371	0.4933
370	372	0.5067
370	2686	0.5
370	4122	0.25
371	373	0.3333
372	374	0.1429
373	971	0.5
373	2686	0.5067
373	2687	0.4933
374	796	0.2
374	3666	0.25
374	3992	0.154
374	4122	0.1229
374	4123	0.113
374	4124	0.1262
374	4125	0.2591
374	4126	0.1229
374	4153	0.0624
375	376	0.1875
375	377	0.1989
375	640	0.3333
375	2863	0.225
376	378	0.3367
377	379	0.5
378	640	0.3265
378	641	0.3367
378	710	0.2238
379	1583	0.3364
379	2863	0.507
379	2864	0.493
380	381	0.5079
380	382	0.4921
380	1739	0.25
380	1929	0.3333
381	383	0.1667
382	384	0.2263
383	457	0.05
383	1458	0.1667
383	1686	0.0769
383	1739	0.076
383	1740	0.125
383	1741	0.0343
383	1742	0.0907
383	1743	0.0784
383	1744	0.0417
383	1745	0.0368
383	1746	0.1275
383	1747	0.0809
383	1749	0.3333
383	1854	0.156
383	2479	0.0238
383	3156	0.0312
383	3384	0.0625
383	4032	0.25
384	1929	0.1592
384	1930	0.1542
384	2682	0.2
385	386	0.4304
385	387	0.4051
385	1853	0.3333
385	3175	0.2537
386	388	1
387	389	0.2909
388	1743	0.5
388	1853	0.4848
388	1854	0.5152
389	1250	0.2519
389	3175	0.3366
389	3176	0.3168
390	391	0.5068
390	392	0.4932
390	394	0.5068
390	3614	1
391	393	0.4022
392	394	1
393	539	1
393	3614	0.2812
393	3615	0.2891
394	2443	0.4932
394	3684	1
397	402	0.3315
399	403	0.3367
400	404	0.0345
401	405	0.0383
402	565	0.1171
402	997	0.4519
402	998	0.2815
403	1847	0.2879
403	1848	0.0303
403	1849	0.1364
403	1850	0.1333
403	2420	0.053
403	3363	0.1097
403	3477	0.25
404	2609	1
404	3872	0.2053
405	1092	0.0385
405	2421	0.3121
405	2624	0.0621
405	2625	0.0254
405	2626	0.1384
405	2627	0.1271
405	2628	0.0254
405	2630	0.3116
405	2781	0.0611
406	407	0.3333
406	408	1
406	409	0.6667
407	409	1
408	1136	1
409	2830	1
410	411	0.2944
410	412	0.1889
410	413	0.2056
410	414	0.3354
410	447	0.0954
410	3915	0.5
411	414	0.3655
411	415	0.3655
411	2209	1
412	417	0.0833
413	418	0.5
415	416	0.5048
416	2208	0.4811
416	2209	0.5
416	2210	0.0189
416	2211	1
417	446	0.0003
417	447	0.0106
417	448	0.0325
417	449	0.0046
417	450	0.0221
417	451	0.0185
417	452	0.0164
417	453	0.0531
417	454	0.0109
417	455	0.0042
417	456	0.0006
417	457	0.0152
417	458	0.0003
417	459	0.0124
417	460	0.0055
417	461	0.0058
417	462	0.0103
417	463	0.0046
417	464	0.0176
417	465	0.0149
417	466	0.0525
417	467	0.0094
417	468	0.01
417	470	0.2284
417	482	0.2
417	490	0.2006
417	493	0.3333
417	495	0.2489
417	500	0.238
417	876	0.0733
417	1457	0.0526
417	1740	0.0476
417	1981	0.0833
417	2163	0.0769
417	2220	0.0588
417	2291	0.0556
417	2663	0.0625
417	2941	0.0904
417	3109	0.0367
417	3889	0.0553
417	4194	0.2399
417	4242	0.037
417	4296	0.0196
417	4316	0.0181
418	2205	0.4932
418	3915	0.2432
418	3916	0.25
419	420	0.5
419	421	0.5
419	3582	0.3333
419	3986	1
420	422	0.25
421	423	0.25
422	3582	0.2468
422	3583	0.2468
422	3584	0.5065
422	3989	0.25
422	4233	0.5
423	2199	0.3333
423	3564	0.3333
423	3583	0.1667
423	3986	0.1005
423	3987	0.0952
423	3988	0.2063
423	3989	0.1058
423	3990	0.0952
423	4092	0.1111
424	425	0.5
424	426	0.5
424	2890	0.5
424	2925	1
425	427	0.3333
426	428	1
427	721	0.3185
427	2890	0.1712
427	2891	0.3425
427	2892	0.0753
427	2893	0.1164
427	3656	0.1667
427	4177	0.1429
428	2925	0.5
428	2926	0.5
428	3657	0.5
429	430	0.3333
429	431	0.3333
429	2206	0.5
429	3644	0.5
430	432	0.5
431	433	0.5
432	2206	0.5
432	2207	0.5
432	4100	0.25
433	2527	0.3933
433	3644	0.5
433	3645	0.5
434	435	0.375
434	436	0.0208
434	437	0.3333
434	438	0.0208
434	551	0.04
434	1676	0.0896
434	3208	0.0256
434	3231	0.0633
434	3500	0.0323
437	439	0.0627
438	440	0.0312
439	553	0.1111
439	3231	0.2344
439	3232	0.0469
439	3233	0.0781
439	3234	0.125
439	3505	0.0909
439	3707	0.2
440	554	0.8333
440	1018	0.3803
440	1679	0.0217
440	3212	0.25
440	3233	0.0833
440	3249	0.4865
440	3500	0.0029
440	3501	0.0906
440	3502	0.0877
440	3503	0.0058
440	3504	0.0029
440	3505	0.0175
440	3506	0.0556
440	3507	0.0175
440	3508	0.0058
440	3708	0.1667
440	3769	0.2222
441	442	0.4795
441	443	0.5205
441	2715	0.5
441	3787	0.25
442	444	0.5
443	445	0.5
444	1578	0.5067
444	2715	0.5205
444	2716	0.4795
445	2714	0.25
445	3787	0.473
445	3788	0.5135
448	469	0.6045
449	479	0.3333
450	488	0.5
451	492	1
452	484	0.5
453	499	0.5
454	510	0.0759
455	511	0.0667
456	512	0.125
458	513	0.0417
459	514	0.0833
460	515	0.0625
461	516	0.0717
462	517	0.0667
463	518	0.1111
465	519	0.0588
466	498	0.2917
469	470	0.4257
469	471	0.2771
469	472	0.1526
469	507	0.6509
469	2588	0.3333
471	473	0.4059
472	474	0.4935
473	507	0.5074
473	508	0.3897
473	509	0.0814
473	4062	1
474	2332	0.1423
474	2588	0.4933
474	2589	0.5067
475	476	0.2946
475	477	0.155
475	478	0.1395
475	479	0.2481
475	483	1
475	3343	0.4773
475	3402	0.25
476	479	1
477	480	0.5128
478	481	0.25
479	482	0.0638
479	483	0.2936
479	484	0.234
479	496	0.4655
480	3343	0.5122
480	3344	0.4878
480	3404	0.525
481	1983	0.325
481	3344	0.5
481	3402	0.1895
481	3403	0.4
481	3404	0.2211
484	495	0.5046
484	496	0.4954
485	486	0.2414
485	487	0.5034
485	488	0.2552
485	491	1
485	3012	0.4966
486	488	1
487	489	1
488	490	0.4932
488	491	0.5
489	3012	0.4932
489	3013	0.2534
489	3014	0.2466
489	3015	0.0128
489	3080	1
489	3904	0.5
492	493	0.5081
492	494	1
494	497	0.4919
494	4195	1
497	498	1
498	3093	0.5
498	3166	0.5
498	3813	0.1163
498	3815	1
498	4194	0.3246
498	4195	0.1182
498	4196	0.1313
498	4197	0.1951
499	500	0.5028
499	501	0.0506
499	502	0.2022
499	503	0.2388
499	2043	0.1429
499	3143	0.6609
499	4250	0.4521
501	504	0.1429
502	505	1
503	506	0.3333
504	2043	0.1622
504	2044	0.3243
504	2045	0.1802
504	2674	0.4043
504	3589	0.3333
505	1975	0.7812
505	3143	0.3762
505	3144	0.3564
505	4191	0.1429
505	4253	0.2
506	2167	0.1667
506	2845	0.5
506	2936	0.3793
506	3092	0.6696
506	3590	0.3226
506	4250	0.2073
506	4251	0.1707
506	4252	0.1634
506	4253	0.0024
506	4254	0.0439
508	509	0.5
509	2212	0.3681
509	4062	0.2267
509	4063	0.3081
510	875	0.0382
510	876	0.0393
510	877	0.06
510	878	0.0185
510	879	0.0414
510	880	0.0207
510	881	0.2868
510	884	0.2565
510	2037	0.1
510	2673	0.2857
510	4198	0.2
511	1457	0.1217
511	1458	0.1217
511	1459	0.313
511	1460	0.3217
511	1741	0.3333
511	1748	0.5
511	3565	0.25
512	1685	0.2011
512	1686	0.0109
512	1687	0.3913
512	1688	0.1957
512	1689	0.5
512	3903	0.3333
512	4207	0.2552
513	1788	0.2561
513	2132	0.0755
513	2133	0.0679
513	2134	0.0642
513	2135	0.1019
513	2136	0.0717
513	2137	0.1208
513	2224	0.25
513	2717	0.3333
513	2950	0.5
513	2963	0.1111
513	3711	0.1667
513	3832	0.3333
514	937	0.1
514	1719	0.2
514	1901	0.4744
514	2163	0.2108
514	2164	0.0441
514	2165	0.1863
514	2166	0.3431
514	2167	0.0049
514	3975	0.4861
515	1769	0.25
515	1779	0.25
515	1982	0.2222
515	2133	0.25
515	2220	0.0814
515	2221	0.0271
515	2222	0.2489
515	2223	0.1765
515	2224	0.0814
515	2225	0.0543
515	2226	0.1131
515	2227	0.5
515	2951	0.2653
516	743	0.2
516	1932	0.2011
516	2291	0.0437
516	2292	0.0898
516	2293	0.0437
516	2294	0.0364
516	2295	0.0485
516	2296	0.0437
516	2297	0.0874
516	2298	0.0607
516	2454	0.0909
516	3049	0.2
516	3778	0.463
516	3946	0.25
516	4190	0.1429
516	4291	0.25
517	602	0.146
517	924	0.3333
517	2663	0.0977
517	2664	0.1149
517	2665	0.1782
517	2666	0.0575
517	2667	0.0172
517	2668	0.1034
517	2670	0.3333
517	3599	0.2
517	3830	0.25
518	2941	0.0877
518	2942	0.2222
518	2943	0.0877
518	2944	0.2105
518	3439	0.3333
518	3890	0.125
518	4119	0.5
519	2943	0.123
519	3579	0.0592
519	3581	0.2688
519	3703	0.1241
519	3791	0.3333
519	3889	0.1232
519	3890	0.0403
519	3891	0.1517
519	3892	0.0355
519	3893	0.0853
519	3894	0.0853
519	3958	0.2
519	3982	0.1667
520	521	0.0185
520	522	0.2593
520	523	0.2407
520	524	0.0185
520	527	0.9286
520	529	0.9333
520	3209	0.0667
522	525	0.875
523	526	1
525	527	0.2241
525	528	0.2414
525	3138	0.125
526	529	0.359
526	530	0.3333
526	2860	0.1687
530	531	0.1667
531	2860	0.3333
531	2861	0.3095
531	3848	0.1944
532	533	0.5
532	534	0.5
532	1927	0.2647
532	2921	0.2
533	535	0.2857
534	536	0.15
535	1927	0.5
535	1928	0.5
535	2500	0.1286
536	653	0.24
536	2921	0.5
536	2922	0.5
537	538	0.5068
537	539	0.4932
537	1922	1
537	3615	1
538	540	0.6727
540	601	0.1429
540	1922	0.1885
540	1923	0.0838
540	1924	0.1937
540	1925	0.1257
540	2524	0.6792
540	3679	0.1684
541	542	0.5
541	543	0.5
541	797	1
541	3944	1
542	544	1
543	2915	0.3333
543	3944	0.5
543	3945	0.5
544	795	1
544	797	0.5
545	546	0.5
545	547	0.5
545	729	0.5
545	1890	0.5
546	548	0.5
547	549	0.2088
548	729	0.5
548	730	0.5
548	1168	1
549	1890	0.6129
549	1891	0.129
549	4009	0.3333
550	551	0.0083
550	552	0.1833
550	553	0.0083
550	554	0.2917
550	555	0.0167
550	556	0.0417
550	2395	0.219
550	3232	0.1111
550	3501	0.9118
550	3706	0.3
550	4278	0.1429
552	557	0.25
555	558	0.25
556	559	0.1429
557	2395	0.4423
557	2396	0.4038
557	2397	0.0192
557	2694	1
558	3234	0.2
558	3507	0.2
558	3706	0.1154
558	3707	0.3077
558	3708	0.1923
559	2695	0.8462
559	3475	0.537
559	4278	0.0588
559	4279	0.2255
559	4280	0.2647
563	564	0.2237
563	565	0.5395
563	675	0.1714
563	998	0.1041
564	566	0.3269
566	675	0.3529
566	676	0.3333
566	2497	0.1104
568	572	0.1714
571	573	0.3349
572	1508	1
573	3511	0.5
573	3550	0.45
573	3551	0.4437
574	575	0.475
574	576	0.525
574	3423	1
574	3526	0.4524
576	577	0.2143
577	3526	0.4419
577	3527	0.4884
577	3808	0.1759
578	579	0.4795
578	580	0.4795
578	1820	0.6481
578	3676	0.25
579	581	1
580	582	0.1823
581	1820	0.493
581	1821	0.493
581	4135	0.6863
582	585	0.32
582	604	0.0833
582	1925	0.1983
582	2443	0.1245
582	2638	0.2836
582	3118	0.0625
582	3676	0.066
582	3677	0.0906
582	3678	0.0302
582	3679	0.0302
582	3680	0.0698
582	3681	0.0736
582	3683	0.3846
583	584	0.5
583	585	0.5
583	2610	0.3478
583	3677	0.5
584	586	0.3529
586	938	0.3333
586	2610	0.5455
586	2611	0.4545
587	588	0.5
587	589	0.5
587	662	1
587	1873	0.5
588	590	0.5
589	591	1
590	662	0.5
590	663	0.5
590	3010	0.5
591	1873	0.5
591	1874	0.5
591	1875	0.0667
591	3276	1
592	593	0.5068
592	594	0.4932
592	597	0.6792
592	607	0.5
593	595	0.2517
594	596	0.6545
595	597	0.0796
595	598	0.0796
595	599	0.0398
595	600	0.0774
595	601	0.0531
595	602	0.0885
595	603	0.0752
595	604	0.0332
595	605	0.0442
595	606	0.0575
595	824	0.25
595	1757	0.1667
595	1920	0.1176
595	1923	0.124
595	2664	0.1429
595	2961	0.0647
595	3312	0.1429
595	3678	0.0714
595	3687	0.0833
595	3952	0.25
596	607	0.5068
596	608	0.4932
596	3192	1
598	610	0.5
599	611	0.3273
600	612	0.1111
603	613	0.0667
605	614	0.0901
606	615	0.3333
608	609	0.6792
609	2525	1
609	3192	0.5068
609	3193	0.4932
610	824	0.5068
610	825	0.4932
610	3824	1
611	1757	0.5135
611	1758	0.4865
611	3313	0.5
612	1920	0.225
612	1921	0.2188
612	2870	0.1538
613	1035	0.125
613	2136	0.1073
613	2553	0.25
613	2961	0.0742
613	2962	0.0763
613	2963	0.0371
613	2964	0.068
613	2965	0.0969
613	2966	0.0536
613	2967	0.0804
613	2968	0.0062
613	2969	0.0742
613	2971	0.373
613	3710	0.3023
613	3713	0.1814
613	3918	0.0417
613	4219	0.058
614	1200	0.1709
614	1242	0.1667
614	2382	0.3333
614	3687	0.1029
614	3688	0.1143
614	3689	0.08
614	3690	0.1143
614	3691	0.1657
614	3867	0.1429
615	3943	0.3333
615	3952	0.5
615	3953	0.5
616	617	0.5111
616	618	0.4889
616	620	0.0548
616	3539	0.5
616	4073	0.95
617	619	0.3382
618	620	0.3729
619	1997	1
619	3539	0.4889
619	3540	0.5111
620	623	0.4022
620	1998	0.1667
620	4073	0.2603
620	4074	0.4932
620	4075	0.1918
621	622	0.4737
621	623	0.4868
621	1931	0.5
621	4074	0.313
622	624	0.4186
624	1931	0.5068
624	1932	0.4932
624	2292	0.3333
625	626	0.4839
625	627	0.4516
625	3293	0.5
625	4230	1
626	628	0.4286
627	629	0.28
628	3293	0.4828
628	3294	0.5172
628	3597	0.5
629	2928	0.2
629	2993	0.3333
629	3584	0.3333
629	3643	0.1143
629	4072	0.0833
629	4230	0.0227
629	4231	0.0303
629	4232	0.053
629	4233	0.0576
629	4234	0.097
629	4235	0.0273
630	631	0.5
630	632	0.4924
630	713	0.2
630	3973	0.3333
631	633	0.3333
632	634	1
633	713	0.4962
633	714	0.5038
633	2003	0.3333
634	3971	1
634	3973	0.5038
634	3974	0.4962
635	636	0.4932
635	637	0.5068
635	638	0.0089
635	2635	1
635	3151	0.6545
636	638	1
637	639	0.3936
638	801	0.5
638	2635	0.3214
638	2636	0.3214
639	1386	0.125
639	2014	0.4444
639	2533	0.3304
639	2904	1
639	3151	0.1698
639	3152	0.0283
639	3153	0.1132
639	3154	0.1745
639	3155	0.0896
641	642	0.3333
642	710	0.4923
642	711	0.5077
642	1989	0.5
643	644	0.5
643	645	0.5
643	2300	0.3333
643	3674	1
644	646	0.2
645	647	1
646	2300	0.3333
646	2301	0.3333
646	3840	1
647	650	1
647	3674	0.5
647	3675	0.5
648	649	0.4348
648	650	0.5652
648	2001	0.3333
648	3675	1
651	652	0.5
651	653	0.5
651	778	0.2727
651	2922	0.2195
654	655	0.5
654	656	0.5
654	3828	0.5
654	4283	1
655	657	0.5
656	658	0.3333
657	3773	1
657	3828	0.5
657	3829	0.5
658	695	0.125
658	1940	0.25
658	3100	0.1184
658	3484	0.0769
658	4283	0.3333
658	4284	0.2933
658	4285	0.0533
658	4286	0.2533
658	4287	0.0667
659	660	0.4
659	1761	0.1667
660	661	0.1429
661	1762	0.0714
661	1885	0.0766
661	2201	0.2394
661	2202	0.2676
663	664	0.5357
664	1777	0.2
664	3010	0.5
664	3011	0.5
665	666	0.5128
665	667	0.4872
665	3264	1
665	3562	0.25
666	668	0.3333
667	669	0.2
668	2083	0.3333
668	2179	0.5
668	2214	0.3333
668	3186	0.2462
668	3264	0.0339
668	3265	0.0606
668	3266	0.1266
668	3267	0.066
668	3268	0.0927
668	3269	0.0321
668	3563	0.125
669	3269	0.1667
669	3562	0.2128
669	3563	0.2021
669	3564	0.3936
669	3988	0.4021
670	671	0.5
670	672	0.5
670	673	1
670	2751	0.5
671	673	0.3333
672	674	0.5
674	2751	0.5
674	2752	0.5
674	3772	1
676	677	0.0904
677	1631	0.2
677	2497	0.5
677	2498	0.4722
678	679	0.5
678	680	0.5
678	3823	1
678	4010	1
679	681	0.3333
680	682	1
681	687	0.5
681	1343	1
681	3823	0.5
682	4010	0.5
682	4011	0.5
682	4012	0.5
683	684	0.3977
683	685	0.5906
683	686	0.0117
683	1342	0.5
683	2160	1
683	4188	0.1111
684	687	0.5
685	688	1
686	689	0.1111
687	1342	0.5
687	1343	0.5
688	2160	0.5073
688	2161	0.3561
688	2162	0.1366
688	3165	1
689	4012	0.9714
689	4188	0.0286
689	4193	1
690	691	0.1698
690	692	0.066
690	693	0.0094
690	694	0.0189
690	695	0.217
690	1539	0.3469
690	1574	0.0625
690	4104	0.3333
690	4284	0.1429
691	696	0.5
692	697	0.0667
693	698	0.25
694	699	1
696	1539	0.4857
696	1540	0.5143
696	3083	1
697	1574	0.1159
697	1575	0.3768
697	1576	0.2464
697	3084	0.1
697	3103	0.3731
697	3358	0.3396
698	1540	0.5625
698	3083	0.4359
698	3084	0.0256
698	3085	0.4615
698	4107	0.1771
699	1939	0.5
699	4104	0.6667
699	4105	0.3333
700	701	0.0108
700	702	0.3763
700	703	0.3763
700	706	0.2027
700	1531	0.2
700	3285	0.2519
700	3331	1
700	3411	0.1667
701	704	0.0769
702	705	0.2756
703	706	1
704	1094	0.005
704	1095	0.0499
704	1096	0.03
704	1097	0.0632
704	1098	0.0067
704	1099	0.025
704	1100	0.0017
704	1101	0.1597
704	1102	0.0017
704	1103	0.005
704	1105	0.2099
704	1108	0.5052
704	1113	0.9474
704	1405	0.0148
704	1408	0.1739
704	1656	0.3
704	2426	0.1303
704	3286	0.1238
704	3899	0.037
704	3908	0.0227
705	1412	0.3409
705	1533	0.95
705	2118	0.0455
705	3285	0.1858
705	3286	0.071
705	3287	0.0874
705	3288	0.2077
705	3289	0.0765
705	3290	0.0273
705	3900	0.0556
705	3924	0.2024
706	3331	0.2703
706	3332	0.2838
706	3412	0.2442
707	708	0.7143
707	861	0.7241
708	709	1
709	861	0.5122
709	862	0.3171
709	863	0.1707
709	1245	0.5
709	1902	1
711	712	0.9706
712	1989	0.4923
712	1990	0.5077
712	3634	0.4051
715	716	0.4417
715	717	0.425
715	1908	0.9444
715	2372	1
716	718	0.7794
717	719	1
718	1908	0.425
718	1909	0.4417
718	3240	0.4857
719	2372	0.5096
719	2373	0.4904
719	2374	0.119
719	3246	1
720	721	0.5
720	722	0.5
720	2891	0.7812
720	4175	0.4
722	723	0.2427
723	1423	0.3602
723	2893	0.2
723	4175	0.2193
723	4176	0.2982
723	4177	0.0746
724	725	0.4605
724	726	0.5395
724	2322	1
724	2948	1
725	727	1
726	728	1
727	2303	0.2789
727	2322	0.5395
727	2323	0.4605
728	2439	1
728	2948	0.4605
731	732	0.1714
731	733	0.1714
731	2554	0.2535
731	3714	0.2535
732	734	0.9
733	735	0.25
734	2554	0.5
734	2555	0.5
734	4056	0.5
735	3714	1
736	737	0.0294
736	738	0.4706
736	739	0.5
736	2739	0.25
736	3616	0.2394
738	740	0.2025
739	741	0.2464
740	2734	0.0227
740	2736	1
740	2739	0.3864
740	2740	0.5909
741	1608	0.9444
741	2378	0.25
741	2502	0.1429
741	2730	0.0714
741	2743	0.1
741	3136	0.1429
741	3616	0.17
741	3617	0.18
741	3618	0.16
741	3619	0.02
741	3620	0.01
741	3621	0.01
741	3622	0.07
742	743	0.0135
742	744	0.4865
742	745	0.5
742	3654	0.4935
742	4290	0.5
744	746	0.3333
745	747	0.5
746	1529	0.3333
746	3654	0.3455
746	3655	0.3273
747	2297	1
747	4290	0.3956
747	4291	0.4066
748	749	0.4815
748	750	0.463
748	752	0.0337
748	2008	0.5
748	3047	0.92
749	751	0.2653
750	752	0.4717
751	2008	0.2137
751	2009	0.0342
751	2010	0.1282
751	2011	0.3077
751	2675	0.6349
751	3048	0.2
752	2010	0.25
752	2294	0.3333
752	3047	0.2584
752	3048	0.1573
752	3049	0.1685
752	3050	0.2809
752	3779	0.3333
753	754	0.5135
753	755	0.4865
753	1275	1
753	2505	0.2
755	756	0.1429
756	1276	0.12
756	2505	0.475
756	2506	0.525
756	3999	0.3333
757	758	0.1198
757	759	0.1138
757	760	0.0659
757	761	0.0778
757	762	0.006
757	764	0.3585
757	771	0.1961
757	2141	0.0625
757	2767	0.1
757	3064	0.1667
758	763	1
759	767	0.3333
760	768	0.0588
761	769	0.1
762	770	0.1429
763	764	0.4872
763	765	0.5128
763	1467	0.4872
765	766	0.5
766	1467	0.4872
766	1468	0.5128
766	3065	0.5429
767	771	0.5
767	772	0.475
767	2768	0.2439
768	2141	0.1447
768	2142	0.5789
768	2143	0.0263
768	2144	0.25
768	2147	0.2966
768	3005	0.1429
768	3066	0.1111
768	3355	0.2346
769	772	0.1275
769	829	0.0909
769	2767	0.0571
769	2768	0.0952
769	2769	0.0762
770	1468	0.303
770	2143	0.125
770	3006	0.2603
770	3064	0.0282
770	3065	0.2676
770	3066	0.0141
770	3067	0.2817
774	783	0.0833
775	784	0.04
776	785	0.2004
779	781	0.1667
780	782	0.0119
781	1628	0.5
781	1629	0.5
781	4049	0.5161
782	4226	1
783	2149	0.25
783	2150	0.25
783	4000	0.1667
784	1132	0.3125
784	2731	0.0803
784	2837	0.0303
784	3648	0.1172
784	3659	0.0104
784	3660	0.0888
784	3661	0.094
784	3662	0.0104
784	3663	0.0809
784	3664	0.0914
784	3720	0.2012
785	1629	0.2581
785	1765	0.0625
785	2580	0.1102
785	3271	0.2
785	3650	0.0708
785	3704	0.0406
785	4048	0.177
785	4049	0.0311
785	4050	0.0019
785	4051	0.0292
785	4052	0.0661
785	4053	0.0331
785	4054	0.0506
786	787	0.5227
786	788	0.4773
786	3296	1
786	4243	1
787	789	0.4894
789	1299	0.404
789	3296	0.1721
789	3297	0.3361
789	3298	0.1557
789	4246	0.3396
790	791	1
790	793	0.3333
791	792	1
792	793	0.5
792	794	0.5
792	2562	1
794	2409	1
794	2562	0.5
794	2563	0.5
795	796	0.5
795	4123	0.5
800	805	0.0691
802	806	0.4043
805	1505	0.3333
805	1753	0.2517
805	1754	0.1538
805	1755	0.1049
805	1756	0.1259
805	3323	0.0909
805	3797	0.2
806	2057	1
806	3552	0.5065
806	3553	0.4935
807	808	0.4932
807	809	0.5068
807	2585	0.3333
807	2810	0.3333
808	810	0.3913
809	811	0.5
810	1381	0.5
810	2585	0.2256
810	2586	0.2317
810	2587	0.4451
810	4091	1
811	1336	0.3333
811	2810	0.4932
811	2811	0.5068
812	813	0.1164
812	814	0.3973
812	815	0.0548
812	1713	0.1111
812	3577	0.3741
812	3667	0.1957
815	816	0.2759
816	1715	0.3214
816	3667	0.5294
816	3668	0.4706
817	818	0.1905
817	819	0.119
817	820	0.3095
817	983	0.2
817	985	0.1429
817	2802	0.1398
818	821	0.2424
819	822	0.1429
820	823	0.1529
821	983	0.3478
821	984	0.3478
821	986	0.5
822	984	0.3333
822	985	0.0658
822	986	0.1053
822	987	0.1711
822	3912	0.1667
823	2515	0.2167
823	2802	0.5
823	2803	0.5
825	826	1
826	925	1
826	3824	0.5068
826	3825	0.4932
827	828	0.25
827	829	0.25
827	2633	0.1
827	2769	0.125
828	830	0.0909
830	2195	0.2
830	2633	0.25
830	2634	0.25
831	832	0.4022
831	833	0.3966
831	3469	0.5
831	4114	0.3333
832	834	0.6606
834	2180	0.3333
834	3469	0.2367
834	3470	0.24
834	3471	0.05
834	3858	0.5
835	836	0.4932
835	837	0.5068
835	838	0.1308
835	1463	1
835	3390	1
836	838	1
837	839	1
838	1463	0.215
838	1464	0.0187
838	1465	0.3458
838	1840	0.1667
838	2643	0.1413
839	1841	0.7059
839	3390	0.4932
839	3391	0.5068
841	844	0.25
843	845	0.4872
844	3466	0.4872
844	3496	0.5135
844	3497	0.4865
845	3516	0.1667
845	3638	0.4865
845	3639	0.5135
846	847	0.4861
846	848	0.5139
846	3148	0.5
846	3281	0.5
847	849	1
848	850	0.5
849	3145	0.3333
849	3146	1
849	3148	0.5139
849	3149	0.4861
850	3281	0.2303
850	3282	0.2697
850	3283	0.0263
850	4292	0.3333
850	4339	0.1667
851	852	0.4865
851	853	0.5135
851	2678	1
851	3460	0.7826
852	854	0.5
853	855	1
854	2678	0.322
854	2679	0.3051
854	3922	0.2468
855	1367	0.3333
855	3460	0.4865
855	3461	0.4054
855	3462	0.1081
855	3686	1
856	857	0.5
856	858	0.5
856	2875	0.3333
856	3605	1
857	859	0.25
858	860	0.5
859	2875	0.5
859	2876	0.5
859	3613	0.5
860	3441	0.5217
860	3605	0.2449
860	3606	0.2449
862	864	0.25
863	865	1
864	1226	0.913
864	1245	0.14
864	1246	0.2
864	1247	0.07
864	1903	0.5
865	1247	1
865	1902	0.5
865	1903	0.5
866	867	0.0449
866	868	0.0513
866	869	0.1122
866	870	0.0833
866	2408	0.25
866	2410	0.3333
866	4004	0.25
866	4058	0.25
867	871	1
868	872	1
869	873	0.2893
870	874	0.3333
871	2407	1
871	2408	0.5
872	2410	0.5
872	2411	0.5
872	2520	1
873	3388	0.0835
873	4004	0.4928
873	4005	0.5072
874	4007	0.3333
874	4058	0.5
874	4059	0.5
875	881	0.5139
875	882	0.4861
875	2247	0.5139
877	883	1
878	887	0.0909
879	888	0.6552
880	889	0.25
883	884	0.5175
883	885	0.4825
883	3045	1
885	886	1
886	1996	0.5
886	3045	0.5175
886	3046	0.4825
887	2037	0.156
887	2038	0.3303
887	2039	0.1743
887	2444	0.2222
887	4199	0.1712
888	2044	0.6667
888	2673	0.4865
888	2674	0.5135
889	2039	0.1959
889	4198	0.25
889	4199	0.25
890	891	0.4756
890	892	0.5
890	893	0.0122
890	1944	0.5
890	4201	0.5
891	893	1
893	1944	0.5062
893	1945	0.4938
893	1946	0.1608
894	895	0.4857
894	896	0.5143
894	3102	0.8571
894	4139	0.5
895	897	1
896	898	0.3333
897	1575	0.4561
897	3102	0.2812
897	3103	0.3906
897	3104	0.125
897	4140	0.2
898	1500	0.3214
898	1502	0.5312
898	3104	0.2
898	3705	0.2
898	4139	0.3036
898	4140	0.1429
898	4141	0.1429
899	900	0.5068
899	901	0.4932
899	902	0.3178
899	3609	1
899	3896	0.6607
900	902	0.4022
901	903	0.3364
902	3609	0.0187
902	3610	0.3458
902	3956	0.4865
903	2204	0.5
903	3896	0.3426
903	3897	0.3333
904	905	0.4861
904	906	0.5
904	907	0.0139
904	1152	1
904	2405	1
904	2832	0.5
905	908	1
906	909	1
907	910	0.2
908	1152	0.507
908	1153	0.493
909	910	0.1094
909	2405	0.4861
909	2406	0.5139
909	2835	0.3333
910	1214	0.0531
910	1287	0.1429
910	2406	0.2256
910	2490	0.0789
910	2838	0.1674
910	3728	0.25
910	4022	0.05
910	4023	0.2156
910	4024	0.1281
910	4025	0.0625
910	4027	0.3333
911	912	0.1565
911	913	0.5217
911	914	0.3217
911	1217	0.3333
911	3304	1
911	4060	0.5
912	915	0.2
913	916	0.297
914	917	0.5
915	1066	0.1429
915	1217	0.1357
915	1218	0.1286
915	1219	0.1357
915	1220	0.1429
915	1221	0.2929
915	1474	0.1979
915	2399	0.1947
915	4061	0.3333
916	1354	0.25
916	2488	0.2178
916	2855	0.2232
916	3238	0.3333
916	3304	0.0968
916	3305	0.0335
916	3306	0.0018
916	3307	0.1708
916	3308	0.1268
916	3309	0.1004
916	3310	0.0035
916	3311	0.0035
916	4220	0.0513
917	1221	1
917	3310	0.3333
917	4060	0.5125
917	4061	0.4875
918	919	0.5
918	920	0.5
918	3129	1
918	4097	0.5
919	921	1
921	2913	0.5
921	3129	0.5
921	3130	0.5
922	923	0.1562
922	924	0.3812
922	925	0.2313
922	1425	0.3333
922	2665	0.5
922	3825	0.5
923	926	1
926	961	1
926	1425	0.5
926	1426	0.5
927	928	1
927	1702	0.3333
928	929	0.3333
929	1702	0.2759
929	1703	0.2414
929	2917	0.5
930	931	0.4868
930	932	0.5132
930	1727	0.5065
930	3336	1
931	933	0.5
932	934	1
933	1727	0.5132
933	1728	0.4868
933	3182	0.975
934	3187	0.3333
934	3336	0.2587
934	3337	0.2308
934	3338	0.5105
934	4204	0.5
935	936	0.1744
935	937	0.1163
935	938	0.4535
935	939	0.2558
935	962	0.25
935	2164	0.0909
935	2611	0.3333
935	3541	0.381
936	940	0.5
939	941	1
940	941	0.2745
940	962	0.2917
940	963	0.5
940	964	0.0208
940	965	0.3158
940	3542	1
941	964	1
941	1720	1
941	3541	0.5217
941	3542	0.087
941	3543	0.3043
943	944	0.2154
944	1052	0.2
944	1053	0.2
944	3021	0.25
945	946	0.0825
945	947	0.1893
945	948	0.034
945	949	0.1796
945	950	0.1748
945	951	0.0922
945	952	0.0777
945	1492	0.1667
945	1512	0.3333
945	1865	0.1
945	1869	0.25
945	2997	0.25
945	3535	0.0556
945	4336	0.1
946	953	0.25
947	954	0.5
948	955	0.1111
949	956	0.5
950	957	0.3333
951	958	0.0523
952	959	0.1111
953	1492	0.131
953	1493	0.2483
953	1494	0.2552
953	1495	0.1172
953	1870	0.3364
953	2103	1
953	4281	0.3333
954	1512	0.2468
954	1513	0.2532
954	3177	0.3333
955	1865	0.0222
955	1866	0.2278
955	1867	0.25
955	3458	0.5
955	4337	0.687
956	1493	1
956	1869	0.4932
956	1870	0.5068
957	2997	0.5
957	2998	0.5
957	3059	1
958	1661	0.2529
958	2977	0.3194
958	3535	0.0856
958	3536	0.1818
958	3537	0.4759
958	3538	0.0963
958	4320	0.0286
959	1867	0.687
959	3128	0.5
959	3283	0.1667
959	4078	0.4385
959	4293	0.25
959	4312	0.3333
959	4328	0.2672
959	4335	0.2593
959	4336	0.0102
959	4337	0.0423
959	4338	0.0193
959	4339	0.0016
959	4340	0.0563
959	4341	0.0027
959	4342	0.0874
959	4343	0.1099
959	4344	0.1061
959	4345	0.0188
959	4346	0.0204
959	4348	0.3333
959	4361	0.3333
960	961	1
960	1426	0.25
963	965	0.5581
965	1718	0.4868
965	1719	0.0132
965	1720	0.1842
965	1900	1
965	3543	0.3333
966	967	0.5068
966	968	0.4932
966	3838	1
966	4098	0.5034
969	970	0.3304
969	971	0.3393
969	1380	0.5
969	2687	0.5
970	972	1
972	1380	0.5067
972	1381	0.4933
972	2586	0.3333
973	974	0.0816
973	975	0.398
973	976	0.4694
973	3252	0.2424
973	3334	0.206
973	3476	0.3284
974	977	0.5
975	978	0.3071
976	979	1
977	2697	0.5
977	3252	0.5
977	3253	0.5
978	1887	0.5
978	3334	0.5125
978	3335	0.4875
979	1850	1
979	3476	0.4835
979	3477	0.5055
980	981	0.4211
980	982	0.4737
980	1010	0.0865
980	3219	0.0842
987	988	0.1313
988	2517	0.0367
988	3912	0.7647
988	3913	0.2353
989	990	0.5
989	3776	0.5
990	991	0.5
991	2782	0.5
991	3776	0.25
991	3777	0.25
992	993	0.4831
992	994	0.5056
992	2720	0.4891
992	2783	0.5
993	995	0.3359
994	996	0.5056
995	2720	0.5056
995	2721	0.4831
995	2771	0.3409
996	2783	0.4831
996	2784	0.5056
999	1000	0.1739
999	1001	0.3696
999	2116	0.8947
999	3995	0.2759
1000	1002	0.6667
1001	1003	0.25
1002	2116	0.2576
1002	2117	0.0152
1002	2118	0.0303
1002	2119	0.0758
1002	2120	0.0152
1002	3442	0.2
1003	3925	0.125
1003	3995	0.2667
1003	3996	0.5667
1003	4018	0.2632
1004	1005	0.5143
1004	1006	0.2857
1004	1320	0.1695
1004	2259	0.1915
1005	1007	0.1856
1006	1008	0.2
1007	1320	0.1316
1007	1321	0.0263
1007	1322	0.2368
1007	1323	0.1053
1007	1333	0.3333
1007	2261	0.0909
1008	1310	0.0476
1008	1323	0.0899
1008	2255	0.5714
1008	2259	0.0647
1008	2260	0.0252
1008	2261	0.0072
1008	2262	0.0036
1008	2263	0.0683
1008	2264	0.0288
1008	2265	0.0432
1008	2266	0.0935
1008	2337	0.0714
1008	2428	0.0263
1008	3486	0.1111
1008	3856	0.0537
1012	1013	0.4565
1012	1014	0.4565
1012	3367	1
1012	3898	0.5
1013	1015	0.9545
1014	1016	0.3684
1015	3367	0.3281
1015	3368	0.3281
1015	3413	0.3559
1016	1102	0.0345
1016	3289	0.0556
1016	3898	0.1892
1016	3899	0.009
1016	3900	0.1171
1016	3901	0.009
1016	3902	0.1351
1016	3911	0.0667
1017	1018	0.2621
1017	1019	0.2913
1017	3502	0.5
1017	3766	0.5
1019	1024	0.2885
1020	1021	0.5185
1020	1022	0.4815
1020	3250	0.65
1020	3767	0.5
1021	1023	0.5
1022	1024	0.25
1023	3211	0.6842
1023	3250	0.4815
1023	3251	0.5185
1024	3213	0.125
1024	3508	0.1818
1024	3766	0.6
1024	3767	0.3111
1024	3768	0.0444
1024	3769	0.0444
1025	1026	0.4379
1025	1027	0.0065
1025	1028	0.0196
1025	1029	0.4314
1025	1030	1
1025	2100	1
1025	3427	0.2727
1025	4262	0.3333
1026	1030	0.4962
1026	1031	0.5038
1026	1032	0.4962
1029	2098	0.5077
1029	2100	0.5038
1029	2101	0.2406
1029	2102	0.2556
1029	3430	0.4595
1031	1032	1
1032	4272	0.5038
1032	4277	1
1033	1034	0.1689
1033	1035	0.1644
1033	2557	0.25
1033	2962	0.1542
1034	1036	0.25
1036	2557	0.2195
1036	2558	0.2256
1036	2561	0.4
1037	1038	0.1667
1037	1039	0.1389
1037	1040	0.3056
1037	1041	0.3889
1037	1076	0.25
1037	2544	0.2
1037	3629	0.3333
1037	3694	0.7857
1038	1042	0.1224
1039	1043	0.1429
1040	1044	0.3333
1041	1045	0.35
1042	1076	0.1282
1042	1077	0.3333
1042	1078	0.1538
1042	1079	0.2821
1042	1080	0.1026
1042	1716	0.4583
1042	2833	0.119
1042	3695	0.209
1043	2182	0.2609
1043	2544	0.0857
1043	2545	0.1571
1043	2546	0.0714
1043	2547	0.2
1043	2566	0.0714
1043	2817	0.0556
1043	3630	0.275
1044	2547	1
1044	3629	0.56
1044	3630	0.44
1045	1079	1
1045	3694	0.44
1045	3695	0.56
1046	1047	0.5038
1046	1048	0.4962
1046	1816	1
1046	2568	0.5
1047	1049	0.5
1048	1804	1
1048	2568	0.5038
1048	2569	0.4962
1049	1807	1
1049	1816	0.3317
1049	1817	0.3367
1053	1054	0.3333
1054	3021	0.5
1054	3022	0.5
1054	3919	0.5
1055	1056	1
1055	1058	1
1056	1057	1
1057	1058	0.5
1057	1059	0.5
1057	2375	0.25
1059	1060	0.3333
1060	1536	1
1060	2375	0.5
1061	1062	0.4928
1061	1063	0.5072
1061	2726	0.5
1061	3528	0.4595
1063	1064	0.3125
1064	3342	0.2833
1064	3528	0.1709
1064	3529	0.1759
1067	1069	1
1068	1070	0.1429
1069	1562	1
1069	1602	0.5
1069	1603	0.5
1070	1563	0.25
1070	1905	0.3942
1070	2491	0.0476
1070	2857	0.0455
1070	2969	0.0614
1070	3311	0.0556
1070	4212	0.2
1070	4214	0.0508
1070	4215	0.0508
1070	4216	0.1096
1070	4217	0.0455
1070	4218	0.0455
1070	4219	0.1016
1070	4220	0.0053
1070	4221	0.0882
1071	1072	0.5
1071	1073	0.5
1071	1272	1
1071	2827	0.3333
1072	1074	1
1073	1075	1
1074	1272	0.5
1074	1273	1
1075	2824	0.3333
1075	2827	0.5
1075	2828	0.5
1077	1080	1
1080	1136	0.2857
1080	1716	0.3929
1080	1717	0.3214
1080	2834	0.2
1080	3196	1
1081	1082	0.5
1081	1083	0.5
1081	1212	0.2
1081	3239	0.5
1082	1084	0.3333
1083	1085	0.3333
1084	1212	0.5
1084	1213	0.5
1084	4026	1
1085	1909	0.2944
1085	2485	0.125
1085	2849	0.5139
1085	3161	0.181
1085	3239	0.0924
1085	3240	0.2772
1085	3241	0.1304
1085	3242	0.212
1085	3243	0.1848
1086	1087	0.5
1086	1088	0.5
1086	1604	0.25
1086	4222	0.3333
1087	1089	0.22
1088	1090	0.3333
1089	1282	0.2
1089	1604	0.5
1089	1605	0.5
1090	4213	0.25
1090	4222	0.5
1090	4223	0.5
1094	1097	1
1094	1108	0.5
1094	1109	0.0408
1094	1110	0.3776
1094	1409	0.2542
1094	1657	0.5397
1095	1113	0.1957
1095	1114	0.1957
1095	1115	0.1304
1095	1987	1
1095	3966	0.2456
1096	1104	1
1099	1111	0.2027
1100	1118	0.1667
1103	1119	0.0199
1104	1105	0.4722
1104	1106	0.5
1104	2683	0.0661
1106	1107	0.0583
1107	2683	0.2179
1107	2684	0.2308
1107	3770	0.1269
1109	1111	0.3077
1110	1112	0.5
1111	1408	0.026
1111	1409	0.0974
1111	1410	0.2662
1111	1411	0.2403
1111	1412	0.0974
1111	1532	0.8636
1111	1658	0.6607
1111	2117	0.037
1111	3287	0.3478
1111	4016	0.0833
1112	1411	0.7115
1112	1656	0.0361
1112	1657	0.4096
1112	1658	0.4458
1114	1116	1
1115	1117	0.25
1116	1987	0.16
1116	1988	0.72
1116	3967	0.3077
1117	1988	0.2647
1117	3966	0.1443
1117	3967	0.0412
1117	3968	0.3196
1117	4240	0.9474
1118	1410	0.7069
1118	1531	0.0102
1118	1532	0.3878
1118	1533	0.3878
1118	1534	0.0306
1118	3288	1
1119	1680	0.0833
1119	3847	0.2
1119	3902	0.0667
1119	3908	0.0274
1119	3909	0.2055
1119	3910	0.0548
1119	3911	0.2192
1120	1121	0.1622
1120	1122	0.1622
1120	1123	0.0811
1120	1124	0.0676
1120	1125	0.2131
1120	2358	0.2308
1120	3405	0.1667
1120	3435	0.125
1121	1125	0.52
1121	1126	0.48
1121	1127	0.52
1122	1128	0.3333
1123	1129	0.25
1124	1130	0.1111
1126	1127	1
1127	1701	0.04
1127	2551	1
1127	2559	0.44
1128	1129	0.0571
1128	2358	0.5
1128	2359	0.5
1128	3406	1
1129	2359	1
1129	2403	0.3333
1129	2820	0.1429
1129	3405	0.1429
1129	3406	0.2857
1129	3407	0.3429
1129	3408	0.1714
1130	1700	0.1519
1130	3435	0.15
1130	3436	0.325
1130	3437	0.525
1130	3481	0.2371
1133	1134	1
1133	3627	0.125
1134	1135	0.1667
1135	2413	1
1135	3627	0.5
1135	3628	0.5
1136	3196	0.1111
1137	1138	0.3655
1137	1139	0.3517
1137	1475	0.3312
1137	3163	0.5824
1138	1140	0.2129
1139	1141	0.505
1140	1475	0.1815
1140	1476	0.1886
1140	2865	0.1661
1141	3160	0.4344
1141	3163	0.5048
1141	3164	0.4857
1142	1143	0.3299
1142	1144	0.3402
1142	1222	0.3367
1142	4034	0.3333
1143	1145	1
1144	1146	0.5
1145	1222	0.5077
1145	1223	0.4923
1145	2987	0.4925
1146	3389	0.5
1146	4034	0.4923
1146	4035	0.5077
1147	1148	0.2763
1147	1149	0.25
1147	3473	0.2676
1147	4227	0.0972
1148	1150	0.3182
1149	1151	0.105
1150	3473	0.1827
1150	3474	0.0577
1150	3475	0.2788
1150	4228	0.0667
1150	4280	0.551
1151	3474	0.0698
1151	3857	0.1857
1151	4227	0.1373
1151	4228	0.0392
1151	4229	0.1634
1154	1155	0.5
1154	1156	0.5
1154	2821	1
1154	4046	0.4722
1154	4055	0.25
1155	1162	0.25
1156	1163	0.5
1157	1158	0.5079
1157	1159	0.4921
1157	1181	1
1157	2823	1
1158	1160	0.9697
1159	1161	1
1160	1181	0.4921
1160	1182	0.7778
1160	3200	0.7778
1161	2823	0.3168
1161	2824	0.1881
1161	2825	0.495
1161	2828	0.25
1161	2829	1
1162	2745	0.3303
1162	2821	0.1698
1162	2822	0.3491
1163	4046	0.4857
1163	4047	0.5143
1163	4057	0.5312
1164	1165	1
1164	2690	1
1165	1166	0.8889
1166	2690	0.3333
1166	2691	0.3333
1166	3194	0.2
1169	1170	0.3333
1169	1171	0.3333
1169	1904	0.2222
1169	4008	0.3333
1170	1172	0.25
1171	1173	0.5
1172	1904	0.0889
1172	1905	0.9111
1172	4216	0.2993
1173	1891	1
1173	4008	0.5
1173	4009	0.5
1174	1178	0.1102
1175	1179	0.2453
1176	1180	0.5
1177	2800	0.4962
1177	3860	0.4962
1177	3861	0.5038
1178	1805	0.0289
1178	1806	0.0806
1178	1807	0.0502
1178	1808	0.0494
1178	1809	0.0289
1178	1810	0.0114
1178	1811	0.0342
1178	1812	0.0312
1178	1813	0.0008
1178	1815	0.1603
1178	1817	0.3333
1178	1856	0.05
1178	2424	0.25
1178	2480	0.0281
1178	2851	0.0366
1178	3028	0.0672
1178	4015	0.2378
1178	4021	0.125
1179	1811	0.0771
1179	1858	0.344
1179	2854	0.0666
1179	3027	0.1494
1179	3028	0.1839
1179	3029	0.1571
1179	3030	0.1686
1180	1270	1
1180	1813	0.25
1180	2801	0.4889
1180	3203	1
1180	4019	0.0074
1180	4020	0.4963
1180	4021	0.0074
1182	3200	0.2222
1182	3201	1
1183	1184	0.5
1183	1185	0.5
1183	1186	0.2069
1183	1278	0.5
1184	1186	1
1185	1187	0.5
1186	1277	0.2069
1186	1906	1
1187	1278	0.5
1187	1279	0.5
1187	1280	0.4615
1189	1191	0.5135
1191	1414	0.5
1191	1416	0.3956
1191	1417	0.4176
1192	1193	1
1192	2552	0.5
1193	2552	0.5
1193	2553	0.5
1193	2964	0.5
1194	1195	0.5079
1194	1196	0.4921
1194	1255	1
1194	3169	1
1195	1197	1
1197	1255	0.4921
1197	1256	0.5079
1197	2681	0.3333
1198	1199	0.5
1198	1200	0.5
1198	1215	1
1198	3688	1
1199	1201	0.5
1201	1215	0.5
1201	1216	0.5
1201	1241	0.5
1202	1203	0.5
1202	1204	0.5
1202	1205	0.1613
1202	4041	0.5
1203	1205	1
1204	1206	0.5
1205	1216	0.2857
1205	1241	0.1613
1205	1242	0.121
1205	1243	0.1129
1205	3689	0.1667
1205	3715	0.25
1206	3718	1
1206	4041	0.5
1206	4042	0.5
1207	1208	0.5
1207	1209	0.5
1207	1266	1
1207	3709	0.5
1208	1210	1
1209	1211	0.25
1210	1266	0.5
1210	1267	0.5
1210	2507	1
1211	2966	0.5
1211	3709	0.2708
1211	3710	0.2708
1213	1214	1
1214	4026	0.5
1214	4027	0.5
1223	1224	0.5
1224	2987	0.5077
1224	2988	0.4923
1224	3410	1
1225	1226	0.5122
1225	1227	0.4878
1225	1246	1
1225	3216	0.5
1227	1228	0.25
1228	1233	0.2
1228	3216	0.1312
1228	3217	0.2562
1230	1231	0.3417
1231	1252	0.339
1231	1253	0.3475
1231	1349	0.9302
1232	1233	0.2407
1232	1234	0.2531
1232	3217	0.3333
1232	3732	0.2
1234	1235	0.3333
1235	1872	0.3333
1235	3732	0.4875
1235	3733	0.5125
1236	1237	0.3134
1236	1238	0.3134
1236	2867	0.2
1236	3696	0.3333
1237	1239	0.1429
1238	1240	0.6364
1239	1351	0.125
1239	1907	0.25
1239	1921	0.1823
1239	2867	0.1055
1239	2868	0.1759
1239	2869	0.0905
1239	2870	0.1809
1240	2706	1
1240	3696	0.5
1240	3697	0.5
1243	1244	0.25
1244	2366	0.0909
1244	3693	0.2532
1244	3715	0.1042
1244	3716	0.0972
1244	3717	0.1389
1244	3718	0.1389
1244	4042	0.4878
1248	1249	0.4848
1248	1250	0.5152
1248	1263	0.25
1248	3176	0.25
1249	1251	0.25
1251	1263	0.5077
1251	1264	0.4923
1251	2939	0.3333
1253	1254	0.3333
1254	1349	0.073
1254	1350	0.073
1254	1351	0.0657
1254	2473	0.071
1254	2868	0.1111
1256	1257	0.3333
1257	1930	0.3333
1257	2681	0.4921
1257	2682	0.5079
1258	1259	0.0633
1258	1260	0.1772
1258	1261	0.1139
1258	2392	1
1258	2916	0.7368
1259	1261	1
1260	1262	0.5
1261	2392	0.3784
1261	2393	0.3784
1261	3917	1
1262	1703	0.7368
1262	2916	0.3784
1262	2917	0.3784
1264	1265	0.25
1265	2898	0.6875
1265	2939	0.3976
1265	2940	0.3855
1267	1268	0.3333
1268	2384	0.3333
1268	2507	0.5
1268	2508	0.5
1269	1270	0.2481
1269	1271	0.2519
1269	1803	0.3333
1269	4020	0.3333
1271	1803	0.4962
1271	1804	0.5038
1271	2569	1
1273	2564	1
1277	1906	0.5
1277	1907	0.5
1277	2869	0.5
1279	1280	0.5
1280	1968	0.5128
1280	3051	0.3077
1281	1282	0.5
1281	1283	0.5
1281	1605	0.3333
1281	3170	0.5
1284	1285	0.0143
1284	1286	0.2143
1284	1287	0.2286
1284	1288	0.2857
1284	1289	0.2571
1284	1564	0.5
1284	2639	0.3333
1284	3359	0.25
1284	4022	0.1649
1284	4043	0.5
1285	1290	0.1429
1286	1291	0.5
1288	1292	1
1289	1564	0.5135
1289	1565	0.4865
1289	3360	0.5
1290	1744	0.0233
1290	1809	0.0283
1290	2479	0.0122
1290	2480	0.0236
1290	2481	0.0041
1290	2482	0.0318
1290	2483	0.0209
1290	2484	0.0399
1290	2485	0.0135
1290	2486	0.023
1290	2487	0.0358
1290	2488	0.0628
1290	2489	0.002
1290	2490	0.048
1290	2491	0.0142
1290	2836	0.0505
1290	2853	0.0902
1290	3157	0.0667
1290	3237	0.1986
1290	3241	0.0923
1290	3244	0.3333
1290	3247	0.3377
1290	3307	0.1655
1290	3385	0.027
1290	3998	0.0294
1290	4023	0.0736
1290	4217	0.0455
1291	1292	0.5263
1291	2639	0.2319
1291	2640	0.5072
1291	2641	0.2609
1291	3245	1
1292	2641	1
1292	4043	0.4737
1293	1294	0.3162
1293	1295	0.0085
1293	1296	0.3162
1293	2723	0.25
1293	2976	0.5
1293	3560	0.6792
1296	2978	1
1296	3560	0.4932
1296	3561	0.5068
1297	1298	0.5062
1297	1299	0.4938
1297	2952	1
1297	3297	1
1298	1300	0.494
1300	2952	0.2878
1300	2953	0.295
1300	4093	0.396
1301	1302	0.4082
1301	1303	0.2143
1301	1304	0.1735
1301	3002	0.3462
1301	3782	0.291
1301	4178	0.5
1302	1305	0.2817
1303	1306	0.253
1304	3002	0.5143
1304	3003	0.4857
1304	4180	1
1305	2654	0.0833
1305	3782	0.2484
1305	3783	0.1083
1305	3784	0.2803
1305	3786	0.3333
1306	1899	0.25
1306	3003	0.5
1306	4178	0.3684
1306	4179	0.2982
1306	4180	0.3158
1307	1308	0.2348
1307	1309	0.1565
1307	1310	0.0696
1307	1321	0.125
1307	1327	0.5
1307	1332	0.2093
1307	2260	0.0479
1308	1311	0.3913
1309	1312	0.2222
1311	1315	0.3061
1311	1327	0.5306
1311	1328	0.3061
1311	1329	0.0204
1311	1677	0.037
1311	2262	0.0385
1312	1322	0.3214
1312	1332	0.36
1312	1333	0.36
1313	1314	0.3261
1313	1315	0.3261
1313	1317	0.3333
1313	1328	0.3191
1314	1316	0.3191
1316	1317	0.2885
1316	1318	0.2885
1316	1324	0.2419
1318	1319	0.2419
1319	1324	0.4412
1319	1325	0.4412
1319	1330	0.1852
1325	1326	0.1899
1326	1330	0.4688
1326	1331	0.4688
1326	1678	0.2344
1334	1335	0.0128
1334	1336	0.4615
1334	1337	0.4744
1334	1338	0.0513
1334	2027	0.2
1334	2811	0.2
1334	3530	0.3333
1334	4087	0.0833
1335	1339	0.1429
1337	1340	0.5
1338	1341	0.0833
1339	2027	0.0159
1339	2028	0.1434
1339	2029	0.1394
1339	2030	0.2151
1339	2031	0.0637
1339	3531	0.25
1339	3738	0.125
1339	3750	0.2137
1339	4089	0.0588
1340	2028	0.4091
1340	3530	0.4932
1340	3531	0.5068
1341	1471	0.25
1341	2031	0.0556
1341	2200	0.1667
1341	2587	0.25
1341	3990	0.1
1341	4087	0.0036
1341	4088	0.0614
1341	4089	0.0614
1341	4090	0.0758
1341	4091	0.2708
1341	4092	0.0686
1344	1345	0.5067
1344	1346	0.4933
1344	2637	0.5
1344	4083	1
1345	1347	0.5
1346	1348	0.5
1347	2637	0.4933
1347	2638	0.5067
1347	3680	1
1348	2996	0.2533
1348	4083	0.4935
1348	4084	0.4805
1352	1353	0.5
1352	1354	0.5
1352	2614	1
1352	3305	0.5
1353	1355	1
1355	2614	0.5
1355	2615	0.5
1355	2858	1
1356	1357	0.4933
1356	1358	0.5067
1356	3000	0.3333
1356	3817	0.5
1357	1359	1
1358	1360	1
1359	3000	0.5067
1359	3001	0.4933
1359	3060	1
1360	3586	0.5
1360	3817	0.4933
1360	3818	0.5067
1361	1362	0.3333
1361	1363	0.3333
1361	3440	0.5
1361	3932	0.1429
1362	1364	1
1363	1365	0.1667
1364	3440	0.5
1364	3441	0.5
1364	3606	1
1365	3042	0.1
1365	3932	0.5
1365	3933	0.5
1366	1367	0.3514
1366	1368	0.5135
1366	1369	0.1351
1366	3461	0.5
1366	3670	1
1366	3685	1
1369	1370	1
1370	3462	0.8
1370	3685	0.4444
1370	3686	0.5556
1371	1372	0.5122
1371	1373	0.4878
1371	2622	0.5714
1371	3467	1
1372	1374	0.5
1373	1375	0.8
1374	2572	0.1087
1374	2573	0.8
1374	2622	0.4348
1374	2623	0.3478
1375	2601	0.3387
1375	3467	0.5122
1375	3468	0.4878
1376	1377	0.2833
1376	1378	0.3583
1376	3556	0.3333
1376	3759	0.3333
1377	1379	1
1378	3555	0.3333
1378	3759	0.4416
1378	3760	0.5584
1379	1614	0.3333
1379	3556	0.5584
1379	3557	0.4416
1383	1389	1
1384	1390	0.4167
1388	1391	0.2432
1389	1860	0.5
1389	1861	0.5
1389	3558	0.5
1390	2241	0.35
1390	2242	0.1333
1390	2243	0.2
1390	2775	0.3291
1390	2973	0.5
1391	2536	0.0682
1391	3122	0.0345
1391	3559	0.3333
1391	3972	0.2
1391	4296	0.0014
1391	4297	0.0754
1391	4298	0.0232
1391	4299	0.1043
1391	4300	0.0957
1391	4301	0.1449
1391	4302	0.1551
1391	4324	0.2506
1391	4333	0.375
1392	1393	0.4274
1392	1394	0.1577
1392	1395	0.2905
1392	1479	0.3333
1392	3819	0.5
1392	4076	1
1392	4145	0.125
1394	1396	0.3333
1395	1397	0.5
1396	1454	0.3333
1396	3819	0.0918
1396	3820	0.0969
1396	3821	0.176
1396	3822	0.3622
1396	4152	0.1
1396	4351	0.2854
1397	1455	0.5
1397	4076	0.1936
1397	4077	0.1098
1397	4078	0.3092
1397	4340	0.5
1398	1399	0.493
1398	1400	0.507
1398	3636	0.5
1398	3878	1
1399	1401	0.5
1400	1402	0.5
1401	3316	0.5
1401	3636	0.1552
1401	3637	0.2371
1402	3142	0.1429
1402	3878	0.1977
1402	3879	0.2034
1406	1407	0.1667
1407	3255	0.4545
1407	3843	0.1163
1407	3844	0.4186
1420	1421	0.4519
1420	1422	0.0519
1420	1423	0.4963
1420	2012	0.625
1420	2529	0.3333
1420	4176	0.8095
1421	1424	0.5041
1424	2012	0.4651
1424	2013	0.2868
1424	2014	0.186
1424	2530	0.5902
1424	3153	0.7742
1428	1429	0.5
1429	1916	0.0073
1429	1917	0.3066
1429	1918	0.2993
1429	4288	0.2486
1430	1431	0.4872
1430	1432	0.5128
1430	1434	0.3509
1430	3110	0.5
1431	1433	0.5135
1433	1434	0.2632
1433	1435	0.2368
1433	1436	0.5
1433	3111	0.2533
1433	3593	0.6552
1437	1438	0.3111
1437	1439	0.3333
1437	2146	0.3947
1437	2521	0.4828
1438	1440	0.25
1439	1441	0.2459
1440	2142	0.5238
1440	2146	0.0732
1440	2147	0.2098
1440	2148	0.1415
1440	3699	0.0582
1441	1635	0.1429
1441	2521	0.2295
1441	2522	0.1148
1441	2523	0.1311
1441	3701	0.1667
1442	1443	0.45
1442	1444	0.425
1442	3357	0.8947
1442	4106	0.5
1443	1445	0.5455
1444	1446	1
1445	1576	0.8947
1445	3357	0.34
1445	3358	0.36
1446	3085	0.4615
1446	4106	0.5143
1446	4107	0.4857
1447	1448	0.0382
1447	1449	0.3435
1447	1450	0.2824
1447	2251	1
1447	3652	0.2428
1448	1450	1
1449	1451	0.3333
1450	2251	0.36
1450	2252	0.336
1450	2281	0.8654
1451	3652	0.4828
1451	3653	0.5172
1451	3939	0.5
1452	1453	0.3393
1452	1454	0.1562
1452	1455	0.1652
1452	3574	0.5
1452	3820	0.5
1452	4077	0.5
1453	1456	0.5
1456	3034	0.5
1456	3574	0.3273
1456	3575	0.3455
1459	1461	0.5
1460	1462	0.25
1461	1742	1
1461	1748	0.5068
1461	1749	0.4932
1462	3565	0.48
1462	3566	0.4933
1462	4208	0.5
1464	1466	0.2
1466	1840	0.0132
1466	1841	0.4737
1466	1842	0.5132
1466	3391	0.5
1466	3428	0.6271
1469	1470	0.3208
1469	1471	0.3396
1469	2319	0.25
1469	4088	0.25
1470	1472	0.2024
1472	2319	0.2609
1472	2320	0.2464
1472	2957	0.3333
1476	1477	0.1672
1477	2621	0.2329
1477	2865	0.3248
1477	2866	0.3376
1480	1483	0.3333
1481	1484	0.5
1483	1643	0.5
1483	2123	0.4571
1483	2124	0.4381
1484	2218	0.5068
1484	2219	0.4932
1484	4149	0.3333
1485	1486	0.4868
1485	1487	0.5
1485	2090	0.4043
1485	3043	0.5
1486	1488	0.6727
1487	1489	1
1488	2090	0.5067
1488	2091	0.4933
1488	4085	1
1489	3043	0.3978
1489	3044	0.4086
1489	3096	0.5
1494	1496	0.5068
1495	1497	0.5
1496	2103	0.4865
1496	2104	0.5
1496	3258	0.5
1497	2192	0.2
1497	4281	0.5278
1497	4282	0.4722
1500	1501	0.5143
1500	1502	0.4857
1500	1503	0.4286
1500	2470	1
1501	1503	1
1503	2470	0.0571
1503	2471	0.5143
1503	3700	0.5312
1504	1505	0.5
1504	1506	0.5
1504	1754	0.5
1504	3796	0.5
1506	1507	0.4889
1507	1756	0.2
1507	2476	0.1652
1507	2873	0.4878
1507	2920	0.1667
1507	3328	0.1429
1507	3796	0.1019
1507	3797	0.088
1507	3798	0.088
1507	3799	0.1852
1507	3800	0.0139
1507	3801	0.0787
1510	1511	0.5
1511	3452	0.0119
1511	3453	1
1511	3567	0.5476
1511	3568	0.4524
1513	1514	0.3333
1514	3177	0.1979
1514	3178	0.2031
1514	4171	0.5
1515	1516	0.3419
1515	1517	0.3819
1515	1518	0.4925
1515	1519	0.005
1515	1520	0.0955
1515	1521	0.0151
1515	2644	0.2482
1515	3623	0.1429
1515	4066	0.3333
1516	1517	1
1516	1522	0.1681
1516	1523	0.1681
1516	3417	0.5
1516	4067	0.25
1519	1524	0.5
1520	1526	0.1429
1521	1525	0.25
1522	1524	0.975
1523	1525	0.3305
1524	3415	0.975
1524	3417	0.4937
1524	3418	0.4937
1524	3419	0.0127
1525	1588	0.1887
1525	4066	0.0142
1525	4067	0.2695
1525	4068	0.2979
1526	3025	0.291
1526	3416	0.2484
1526	3419	0.1667
1526	3623	0.1377
1526	3624	0.2899
1526	3625	0.2826
1526	3626	0.1377
1526	3852	0.2
1527	1528	0.4932
1527	1529	0.5068
1527	2453	0.5
1527	3655	0.5
1528	1530	0.2222
1530	2293	0.0909
1530	2453	0.2242
1530	2454	0.1091
1530	2455	0.1152
1530	2456	0.2242
1530	2984	0.1667
1530	3929	0.1674
1534	1535	0.1579
1535	3290	0.2
1535	3924	0.4595
1535	3925	0.0811
1535	3926	0.1351
1535	4017	0.25
1536	1537	0.5
1536	3993	1
1537	1538	0.5
1538	1640	0.3167
1538	3993	0.5
1538	3994	0.5
1541	1542	1
1541	1898	0.0714
1542	1543	0.0714
1543	1898	0.5
1543	1899	0.5
1543	4179	0.2537
1544	1545	0.507
1544	1546	0.493
1544	1547	0.1923
1544	2804	0.5
1545	1547	0.6923
1546	1548	0.5
1547	1863	0.1978
1547	2958	0.3333
1548	2804	0.507
1548	2805	0.493
1548	3569	1
1549	1550	0.5
1549	1551	0.5
1549	1941	0.5
1549	4030	0.5
1550	1552	0.25
1551	1553	0.3333
1552	1941	0.5
1552	1942	0.5
1552	2519	0.3333
1553	2956	0.2462
1553	4030	0.5
1553	4031	0.5
1554	1555	0.2198
1554	1556	0.1868
1554	1557	0.4066
1554	1992	0.9524
1554	3602	0.25
1554	4181	0.1667
1555	1558	0.9524
1556	1559	0.2
1557	1560	0.1326
1558	1992	0.5
1558	1993	0.5
1558	3604	0.3333
1559	1599	0.1667
1559	1993	0.25
1559	3602	0.1156
1559	3603	0.2585
1559	3604	0.1361
1560	2711	0.1667
1560	2788	0.3445
1560	4109	0.3182
1560	4181	0.3109
1560	4182	0.1429
1560	4183	0.1597
1560	4185	0.5
1561	1562	0.5
1561	1563	0.5
1561	1603	0.5
1561	4215	0.3333
1565	1566	0.5
1566	3359	0.0263
1566	3360	0.5
1566	3361	0.4737
1566	3362	0.5263
1567	1568	0.5143
1567	1569	0.4857
1567	3040	0.5
1567	3839	0.5143
1570	1571	0.5035
1570	1572	0.4965
1570	2348	1
1570	4142	1
1571	1573	0.5071
1572	2035	1
1572	4142	0.5035
1572	4143	0.4965
1573	2344	0.3679
1573	2345	1
1573	2348	0.3627
1573	2349	0.0155
1573	2350	0.0207
1573	2761	0.2
1573	4349	0.1667
1577	1578	0.5205
1577	1579	0.4795
1577	2716	0.5
1577	3920	1
1579	1580	1
1580	3920	0.5205
1580	3921	0.4795
1580	3951	1
1581	1582	0.493
1581	1583	0.507
1581	1584	0.1872
1581	2049	1
1581	2864	0.3333
1582	1584	0.5224
1584	1797	0.5
1584	2049	0.0053
1584	2050	0.1872
1589	1590	0.4795
1589	1591	0.5205
1589	2713	0.5
1589	3794	1
1590	1592	0.5
1591	1593	0.25
1592	2713	0.5205
1592	2714	0.4795
1592	3788	0.25
1593	1616	0.2846
1593	3794	0.1872
1593	3795	0.4171
1594	1595	0.4524
1594	1596	0.5476
1594	1962	0.4894
1594	3665	0.3333
1596	1597	0.5
1597	3665	0.4524
1597	3666	0.5476
1597	4124	0.5
1598	1599	0.3978
1598	1600	0.4086
1598	3603	0.1827
1598	3928	0.1542
1600	1601	0.1423
1601	2456	0.2011
1601	3928	0.2483
1601	3929	0.255
1606	1607	0.5143
1606	1608	0.4857
1606	2501	0.2
1606	3617	0.5294
1607	1609	0.2
1609	2501	0.8947
1609	2502	0.1053
1609	3619	0.1429
1611	1612	1
1612	2856	0.5
1612	3726	0.4202
1612	3727	0.4538
1613	1614	0.2905
1613	1615	0.2365
1613	1616	0.473
1613	3557	0.3333
1613	3780	0.25
1613	3795	0.6903
1615	1617	0.25
1617	3141	0.1667
1617	3780	0.2553
1617	3781	0.2482
1618	1619	0.0429
1618	1620	0.4857
1618	1621	0.4143
1618	1622	0.0286
1618	2727	0.25
1618	3723	0.2615
1618	4013	0.5
1621	1622	0.8529
1622	2733	0.5
1622	4013	0.5079
1622	4014	0.4921
1623	1624	0.5
1623	1625	0.5
1623	1843	0.2836
1623	3488	1
1624	1626	0.2
1625	1627	0.6786
1626	1843	0.2289
1626	1844	0.0964
1626	1845	0.0964
1626	2194	0.1429
1626	3489	0.1667
1627	1845	0.2
1627	3488	0.1735
1627	3489	0.0731
1627	3490	0.2648
1627	3521	0.5
1634	1635	0.4615
1634	1636	0.5385
1634	1637	0.0165
1634	2522	0.1296
1636	1637	0.25
1637	1764	0.0909
1637	2148	0.063
1637	2471	0.3333
1637	2523	0.1231
1637	2931	0.1833
1637	3698	0.0027
1637	3699	0.0797
1637	3700	0.0467
1637	3701	0.022
1637	3702	0.0659
1637	3703	0.1841
1637	3704	0.0659
1637	3705	0.022
1637	3891	0.129
1637	4054	0.0399
1637	4141	0.2
1638	1639	0.5
1638	1640	0.5
1638	3197	1
1638	3994	0.5
1639	1641	1
1641	3197	0.5
1641	3198	0.5
1641	3927	1
1642	1643	0.3609
1642	1644	0.3459
1642	2124	0.3333
1642	3190	0.5
1644	1645	0.2949
1645	2216	0.25
1645	3190	0.3934
1645	3191	0.3033
1646	1647	0.4872
1646	1648	0.5128
1646	1722	0.5
1646	2108	1
1647	1649	0.3333
1648	1650	0.5263
1649	1722	0.1399
1649	1723	0.1329
1649	1724	0.1364
1649	1725	0.1329
1649	2152	0.3306
1649	4099	0.1005
1649	4147	0.1099
1650	2108	0.4872
1650	2109	0.5128
1650	2932	0.3333
1651	1652	0.2054
1651	1653	0.2
1651	2213	0.4933
1651	3954	0.3333
1652	1654	1
1653	1655	0.5068
1654	2213	0.4933
1654	2214	0.5067
1654	3267	0.5068
1655	3827	1
1655	3954	0.5067
1655	3955	0.4933
1659	1660	0.2833
1659	1661	0.3583
1659	2462	0.3333
1659	3536	1
1660	1662	1
1662	2462	0.5584
1662	2463	0.4416
1662	3554	1
1663	1664	0.3158
1663	1665	0.3684
1663	2169	0.875
1663	2334	0.2727
1664	1666	1
1665	1667	0.3043
1666	1772	0.025
1666	1773	1
1666	2169	0.0875
1666	2170	0.05
1666	2171	0.15
1666	2172	0.175
1666	2335	0.2414
1666	3546	0.3333
1667	2171	0.25
1667	2256	0.0769
1667	2264	0.063
1667	2334	0.038
1667	2335	0.0886
1667	2336	0.0759
1667	2337	0.057
1667	2338	0.1266
1667	2339	0.1203
1667	2429	0.0526
1667	3487	0.2568
1667	3547	0.1105
1668	1669	0.1935
1668	1670	0.1613
1668	1671	1
1668	1776	0.1546
1669	1671	0.5
1669	1672	0.5
1669	2499	0.5
1670	1674	0.1667
1672	1673	0.3333
1673	1928	0.1667
1673	2499	0.5
1673	2500	0.5
1674	1776	0.4688
1674	1777	0.4688
1674	3011	0.2586
1681	1682	0.3333
1681	1683	0.3333
1681	1684	0.5
1681	3793	0.3333
1682	1684	1
1684	1838	0.5
1684	4064	0.25
1685	1689	0.4861
1685	1690	0.5139
1685	1691	0.1944
1687	1692	0.6729
1688	1693	0.5
1690	1691	1
1691	2478	0.25
1691	2972	0.2056
1692	3014	0.5
1692	3903	0.5034
1692	3904	0.2345
1692	3905	0.2621
1692	3907	0.5
1693	3566	1
1693	4207	0.5068
1693	4208	0.4932
1694	1695	0.3377
1694	1696	0.3333
1694	1893	0.2873
1694	3991	0.2484
1696	1697	0.273
1697	3991	0.3377
1697	3992	0.3333
1697	4125	0.167
1698	1699	0.52
1698	1700	0.48
1698	2550	1
1698	3436	1
1699	1701	1
1701	2550	0.48
1701	2551	0.52
1701	2559	1
1704	1705	0.3175
1704	1706	0.0635
1704	1707	0.3016
1704	2777	0.3333
1704	4069	0.4706
1705	1708	0.3333
1707	1709	0.3333
1708	2777	0.4872
1708	2778	0.5128
1708	3515	1
1709	2814	0.5
1709	3517	0.1429
1709	4069	0.3158
1709	4070	0.25
1709	4071	0.1842
1709	4072	0.2368
1709	4235	0.0773
1718	1721	1
1721	1900	0.5067
1721	1901	0.4933
1721	2165	0.3333
1723	1726	0.4935
1726	2152	0.5128
1726	2153	0.4872
1726	3339	0.3361
1729	1730	0.4783
1729	1731	0.5072
1729	1732	0.0145
1729	3183	1
1729	4133	0.66
1731	1733	1
1732	1734	0.5
1733	1734	0.3458
1733	4133	0.4853
1733	4134	0.4559
1734	3345	0.2696
1734	3347	1
1734	4134	0.5082
1734	4186	0.0261
1734	4187	0.0174
1735	1736	0.475
1735	1737	0.525
1735	2591	0.6562
1735	3225	0.5
1737	1738	0.3307
1738	2185	0.5
1738	2901	0.332
1738	3224	0.0052
1738	3225	0.1969
1738	3226	0.0207
1738	3227	0.4352
1738	3228	0.2073
1738	3230	0.5
1738	3326	0.2
1745	1750	0.0312
1746	1751	0.0627
1747	1752	0.5
1750	2483	0.0714
1750	2848	0.199
1750	3132	0.2
1750	3156	0.0337
1750	3157	0.0769
1750	3158	0.0889
1750	3159	0.0072
1750	3160	0.1274
1750	3161	0.0913
1750	3162	0.0409
1750	3164	0.165
1750	3243	0.1553
1750	3386	0.0714
1751	3162	0.0714
1751	3384	0.1809
1751	3385	0.0034
1751	3386	0.058
1751	3387	0.0102
1751	3388	0.116
1751	3389	0.1092
1751	4003	0.1111
1751	4005	0.0866
1751	4035	0.2
1752	2749	0.5
1752	4032	0.3299
1752	4033	0.3402
1758	1759	0.2022
1759	2381	1
1759	3312	0.0101
1759	3313	0.1919
1759	3314	0.1818
1760	1761	0.0196
1760	1762	0.1667
1760	1763	0.2157
1760	1764	0.0098
1760	1765	0.0098
1760	2201	0.0667
1760	3291	0.2376
1760	3698	0.1
1760	4050	0.0625
1763	1766	0.3607
1766	2930	1
1766	3291	0.5217
1766	3292	0.4783
1767	1768	0.4737
1767	1769	0.2105
1767	1770	0.3158
1767	1771	0.5
1767	2197	0.5128
1767	2221	0.5
1770	1771	1
1771	2225	1
1771	2227	0.5
1772	1773	0.4667
1772	1774	0.4
1772	2170	1
1772	3544	0.2917
1774	1775	0.375
1775	1954	0.3542
1775	2172	0.3256
1775	2339	0.1159
1775	2434	0.0986
1775	2702	0.125
1775	3544	0.0352
1775	3545	0.1608
1775	3546	0.0603
1775	3547	0.1055
1775	3548	0.0402
1775	3549	0.0603
1778	1779	0.5
1778	1780	0.4825
1778	1781	0.0071
1778	2222	0.5
1778	2877	1
1780	1781	1
1781	2877	0.4
1781	2878	0.4929
1781	2879	0.1
1781	2897	0.8161
1781	3833	1
1782	1783	0.5072
1782	1784	0.4928
1782	3270	0.5
1782	3940	0.5
1783	1785	0.5
1784	1786	0.5
1785	3270	0.4928
1785	3271	0.5072
1785	4052	0.3333
1786	2579	0.5
1786	3940	0.5072
1786	3941	0.4928
1787	1788	0.5122
1787	1789	0.4878
1787	2132	1
1787	4236	0.913
1789	1790	0.9524
1790	2138	0.28
1790	4236	0.5122
1790	4237	0.4878
1791	1792	0.4933
1791	1793	0.5067
1791	2842	1
1791	3008	0.5
1792	1794	1
1793	1795	0.5067
1794	2333	0.9744
1794	2842	0.5067
1794	2843	0.4933
1795	2808	1
1795	3008	0.4933
1795	3009	0.5067
1798	1799	0.1143
1798	1800	0.4
1798	1801	0.2643
1798	3112	0.125
1798	3671	0.5
1798	3870	0.2847
1801	1802	0.5
1802	3119	0.2
1802	3870	0.5132
1802	3871	0.4868
1806	1814	0.1589
1808	1818	0.25
1812	1819	0.3333
1814	1815	1
1818	2424	1
1819	2793	0.3203
1819	2794	0.5
1819	4015	0.3438
1821	1822	0.5
1822	3985	0.4118
1822	4135	0.3933
1822	4136	0.4045
1823	1824	0.5
1823	1825	0.5
1823	1826	0.3478
1823	3478	1
1824	1826	0.5
1825	1827	0.5
1826	3195	0.3333
1826	3263	0.3478
1827	2698	0.3333
1827	3478	0.2581
1827	3479	0.2581
1828	1829	0.5
1828	1830	0.5
1828	2945	1
1828	3962	0.5
1829	1831	0.3659
1830	1832	0.3333
1831	2945	0.5
1831	2946	0.5
1831	3277	0.2
1832	3057	0.5357
1832	3962	0.5
1832	3963	0.5
1833	1834	0.5405
1833	1835	0.4595
1833	4137	0.5
1833	4224	0.5
1834	1836	0.2424
1835	1837	0.2833
1836	2786	0.2
1836	4137	0.2881
1836	4138	0.3983
1837	2087	0.1667
1837	2088	0.3032
1837	2107	0.5741
1837	4224	0.396
1837	4225	0.1584
1838	1839	0.2
1839	3859	0.2
1839	4064	0.3333
1839	4065	0.3333
1844	1846	0.2
1846	2194	0.3333
1846	2195	0.3333
1846	2634	0.2
1848	1851	0.0588
1849	1852	0.1111
1851	2420	0.0483
1851	2421	0.3724
1851	2422	0.2897
1851	2626	0.3311
1851	3868	0.9
1852	2798	0.3307
1852	3363	0.336
1852	3364	0.36
1855	1856	0.0062
1855	1857	0.0062
1855	1858	0.2654
1855	1859	0.2346
1855	2852	0.087
1855	3029	0.4824
1855	3377	0.3279
1861	1862	1
1862	3558	0.5
1862	3559	0.5
1862	4299	0.5
1863	1864	0.3913
1864	2958	0.493
1864	2959	0.507
1864	3031	0.493
1866	1868	0.6667
1868	3061	1
1868	3458	0.3333
1868	3459	0.3333
1874	1875	0.5
1875	2946	0.3333
1875	3276	0.4333
1875	3277	0.5
1876	1877	0.284
1876	1878	0.3136
1876	1879	0.0947
1876	2923	0.25
1876	3400	0.5143
1876	3752	0.1429
1877	1880	0.331
1878	1881	1
1879	1882	0.1429
1880	2923	0.4607
1880	2924	0.5393
1880	3753	0.3228
1881	3392	0.0909
1881	3394	1
1881	3400	0.5047
1881	3401	0.4953
1882	2924	0.2243
1882	3743	0.5124
1882	3752	0.0714
1882	3753	0.183
1882	3754	0.5223
1882	3755	0.2054
1882	4174	0.4492
1886	1887	0.5125
1886	1888	0.4875
1886	1889	0.4713
1886	3335	1
1888	1889	0.3451
1889	2609	0.3333
1889	3872	0.4483
1894	1896	0.1653
1895	1897	0.5
1896	2029	0.1254
1896	3382	0.0588
1896	3395	0.0769
1896	3737	0.0401
1896	3738	0.038
1896	3739	0.0163
1896	3740	0.0206
1896	3741	0.0325
1896	3742	0.0607
1896	3743	0.1117
1896	3744	0.0434
1896	3745	0.0033
1896	3746	0.0217
1896	3748	0.1667
1896	3751	0.3314
1896	3754	0.2448
1896	3757	0.1667
1896	3765	0.0435
1896	4151	0.0286
1897	3744	0.3226
1897	3749	1
1897	3756	0.5072
1897	3757	0.2754
1897	3758	0.2174
1910	1911	0.3136
1910	1912	0.1186
1910	1913	0.4322
1910	2018	0.5
1910	2619	0.25
1910	3172	0.25
1911	1914	0.4933
1912	1915	0.1667
1914	2018	0.5
1914	2019	0.5
1914	2620	0.5
1915	2019	0.2534
1915	2619	0.0519
1915	2620	0.137
1915	2621	0.1889
1915	2866	0.269
1918	1919	0.2204
1919	2474	0.5119
1919	4288	0.3981
1919	4289	0.3796
1924	1926	0.5068
1926	2524	0.4865
1926	2525	0.5
1926	3193	0.3956
1933	1934	0.5
1933	1935	0.5
1933	1957	0.3396
1933	3594	0.3673
1934	1936	0.25
1935	1937	0.24
1936	1957	0.0714
1936	1958	0.0952
1936	1959	0.0198
1936	3480	0.3151
1936	3595	0.1429
1937	1959	0.125
1937	3483	0.2892
1937	3594	0.383
1937	3595	0.1277
1937	3596	0.4894
1938	1939	0.6667
1938	1940	0.3333
1938	4105	0.3333
1938	4285	0.5
1942	1943	0.9412
1943	2411	1
1943	2519	0.5
1943	2520	0.5
1945	1946	0.9091
1946	3346	0.2881
1946	3509	0.0039
1946	3510	0.1294
1946	3511	0.2824
1946	3551	0.3333
1946	4187	0.2857
1947	1948	0.5
1947	1949	0.5
1947	3260	0.5
1947	3842	1
1948	1950	0.3333
1949	1951	0.3936
1950	2689	0.3333
1950	3260	0.1355
1950	3261	0.1429
1950	3262	0.0659
1950	4249	0.25
1951	3842	1
1952	1953	0.1111
1952	1954	0.3148
1952	1955	0.037
1952	1956	0.1481
1952	2427	0.1628
1952	3545	0.4507
1952	3607	1
1955	1956	1
1956	2703	0.303
1956	3607	0.4444
1956	3608	0.4444
1958	1960	0.2697
1960	3437	0.2258
1960	3480	0.5
1960	3481	0.5
1963	1964	0.5
1963	1965	0.5
1963	1966	0.5
1963	1967	0.0149
1963	2693	1
1964	1966	0.3402
1965	1967	0.3402
1966	2451	1
1966	2618	0.5
1967	2250	0.4776
1967	2599	0.5077
1967	2693	0.4776
1968	1969	0.3448
1969	2125	0.0465
1969	2127	0.3636
1969	3051	0.4651
1969	3052	0.4186
1974	1975	0.4098
1974	1976	0.1967
1974	1977	0.1967
1974	3144	0.4444
1974	3438	0.3276
1974	4189	0.2229
1976	1978	0.5
1977	1979	0.4
1978	2942	1
1978	3438	0.5067
1978	3439	0.48
1979	2296	0.2022
1979	3947	0.3333
1979	4189	0.3978
1979	4190	0.1935
1979	4191	0.0108
1979	4192	0.1935
1980	1981	0.0064
1980	1982	0.2436
1980	1983	0.25
1980	2223	0.2847
1980	2949	0.1429
1980	3403	0.2275
1985	1986	0.5
1986	2228	0.4605
1986	2229	0.5395
1986	2230	0.4605
1990	1991	0.2481
1991	2535	0.1649
1991	3634	0.2238
1991	3635	0.2308
1994	1995	0.0987
1994	1996	0.1532
1994	1997	0.0571
1994	1998	0.0364
1994	2688	0.295
1994	3046	0.2723
1994	3540	0.2556
1994	4075	0.125
1995	1999	1
1999	2688	0.519
1999	2689	0.481
1999	3261	1
2009	2011	1
2011	2675	0.4082
2011	2676	0.4082
2011	2677	0.38
2011	3789	1
2016	2017	0.4045
2017	2041	0.4022
2017	2042	0.3913
2017	4148	0.2229
2022	2025	0.308
2024	2026	0.3465
2025	2071	0.4483
2025	2072	0.4425
2025	2316	1
2026	3784	0.5
2026	3785	0.3212
2026	3786	0.3212
2030	2032	0.25
2032	3742	0.4956
2032	3750	0.4956
2032	3751	0.4956
2033	2034	0.2053
2033	2035	0.3737
2033	2760	0.3571
2033	4143	0.3911
2034	2036	0.5
2036	2349	0.1667
2036	2760	0.1724
2036	2761	0.0172
2036	2762	0.0129
2036	2763	0.3017
2036	2764	0.1509
2036	2905	0.3333
2036	3960	0.493
2036	4350	0.0833
2038	2040	0.2483
2040	2444	0.1636
2040	2445	0.15
2040	2446	0.1636
2040	2447	0.1273
2040	2448	0.0045
2040	2450	0.3333
2040	3113	0.1
2040	3372	0.2041
2045	2046	0.339
2046	3589	0.4737
2046	3590	0.5263
2046	4254	0.3333
2047	2048	1
2047	4115	0.3333
2056	2057	0.5065
2056	2058	0.4935
2056	3553	0.6552
2056	4131	1
2060	2066	1
2064	2065	1
2065	3070	0.5068
2065	3071	0.4932
2065	3883	1
2066	3068	0.5
2066	3069	0.5
2066	3882	1
2067	2068	0.3333
2067	2069	0.3333
2067	3398	0.5
2067	3803	0.5
2068	2070	0.5
2070	3393	1
2070	3398	0.5
2070	3399	0.5
2072	2073	1
2073	2316	0.5
2073	2317	0.4872
2073	2318	0.0064
2073	2646	0.5
2073	2657	1
2075	2076	0.1296
2076	3079	0.0455
2076	3272	0.5
2076	3273	0.5
2077	2078	0.4925
2077	2079	0.4776
2077	2531	0.5
2077	3835	0.3333
2079	2080	0.2254
2080	3054	0.2895
2080	3835	0.1514
2080	3836	0.1468
2081	2082	0.5
2081	2083	0.5
2081	3184	1
2081	3265	1
2084	2085	0.194
2084	2086	0.1642
2084	2087	0.005
2084	2106	0.1429
2084	3374	0.1667
2084	4225	0.125
2085	2088	0.2766
2086	2089	0.5
2088	2106	0.2812
2088	2107	0.4844
2089	2249	1
2089	3374	0.4923
2089	3375	0.5077
2091	2092	0.4022
2092	3126	1
2092	4085	0.4
2092	4086	0.3895
2093	2094	0.4533
2093	2095	0.5467
2093	2880	1
2093	3369	0.5
2094	2096	0.5
2095	2097	0.3333
2096	2880	0.5467
2096	2881	0.4533
2096	2882	0.2733
2097	3369	0.4533
2097	3370	0.5467
2097	4173	1
2098	2099	0.4923
2098	2101	1
2098	3429	0.5
2104	2105	0.5
2105	2617	0.3333
2105	3258	0.3103
2105	3259	0.2328
2109	2110	0.5
2110	2910	0.5
2110	2932	0.4872
2110	2933	0.5128
2111	2112	0.2051
2111	2113	0.2308
2111	2114	0.5131
2111	2435	1
2111	4239	0.6596
2112	2114	1
2113	2115	1
2114	2430	1
2114	2435	0.0189
2114	2436	0.5849
2115	3968	0.9688
2115	4239	0.4559
2115	4240	0.2647
2119	2121	0.2381
2120	2122	0.1
2121	3442	0.6429
2121	3443	0.1786
2121	3863	0.1667
2121	4079	0.5
2122	3926	0.25
2122	3996	0.25
2122	4016	0.0222
2122	4017	0.3778
2122	4018	0.1111
2125	2126	0.05
2125	2127	0.5
2125	2128	0.45
2125	2612	0.4762
2125	3052	1
2126	2128	0.3333
2128	2441	0.451
2128	2612	0.4651
2128	2613	0.5349
2134	2138	0.25
2135	2139	0.7941
2137	2140	0.3478
2138	2717	0.2267
2138	2718	0.4933
2138	3712	0.3333
2138	4237	0.5263
2139	2226	0.5
2139	2949	0.0185
2139	2950	0.463
2139	2951	0.4815
2140	2879	0.3333
2140	2899	0.25
2140	3832	0.2667
2140	3833	0.1167
2140	3834	0.15
2144	2145	0.5
2145	3007	0.3393
2145	3355	0.5
2145	3356	0.5
2150	2151	0.25
2151	3236	0.1935
2151	4000	0.6667
2151	4001	0.3333
2153	2154	0.3958
2154	3339	0.5128
2154	3340	0.4872
2154	4121	1
2155	2156	0.5125
2155	2157	0.0125
2155	2158	0.475
2155	2495	1
2155	3672	1
2156	2159	1
2159	2495	0.481
2159	2496	0.519
2159	2592	0.5
2161	2162	1
2162	3165	0.5073
2162	3166	0.4927
2162	4197	1
2166	2168	1
2168	3588	1
2168	3975	0.5
2168	3976	0.5
2173	2174	0.4
2173	2175	0.5846
2173	2616	0.3333
2173	2979	0.2338
2174	2176	0.3333
2175	2177	0.3363
2176	2616	0.5094
2176	2617	0.4906
2176	3259	0.5094
2177	2979	0.4865
2177	2980	0.5135
2178	2179	0.5035
2178	2180	0.4965
2178	3266	1
2178	3470	0.3333
2181	2182	0.5217
2181	2183	0.4783
2181	2545	0.5
2181	2549	0.5
2184	2185	0.0222
2184	2186	0.0111
2184	2187	0.4889
2184	2188	0.4333
2184	3226	0.5
2184	3229	0.9756
2184	3324	0.3333
2184	3329	0.5
2186	2188	1
2187	2189	0.5
2188	3228	1
2188	3229	0.5
2188	3230	0.5
2189	3327	1
2189	3329	0.4762
2189	3330	0.5238
2190	2191	0.3208
2190	2192	0.3585
2190	3456	0.3333
2190	4282	0.25
2191	2193	0.5
2193	2774	1
2193	3456	0.5278
2193	3457	0.4722
2198	2199	0.5385
2198	2200	0.4615
2198	3987	0.5
2198	4090	0.2
2203	2204	0.5068
2203	2205	0.4932
2203	3897	1
2203	3916	1
2208	2210	1
2208	2211	0.4417
2208	2212	0.4417
2208	4063	1
2215	2216	0.5
2215	2217	0.5
2215	3191	0.5
2215	4116	1
2229	2230	0.5
2230	3383	0.5
2230	3983	0.5395
2231	2232	0.5
2231	2233	0.5
2231	3981	1
2231	4118	1
2232	2234	1
2233	2235	0.5
2234	3894	0.3333
2234	3981	0.3333
2234	3982	0.3333
2235	2944	0.5
2235	4118	0.5
2235	4119	0.5
2236	2237	0.5034
2236	2238	0.4966
2236	3463	0.9867
2236	4362	0.5
2237	2239	0.5
2238	2240	0.5
2239	3463	0.4966
2239	3464	0.5034
2239	3884	1
2240	4307	1
2240	4362	0.5034
2240	4363	0.4966
2242	2244	0.25
2243	2245	0.5
2244	2775	0.26
2244	2776	0.24
2244	2903	0.4407
2245	2973	0.5068
2245	2974	0.4932
2248	2249	0.4923
2248	2250	1
2248	3375	0.5
2250	2599	0.5077
2252	2253	0.3333
2253	2281	0.1293
2253	2282	0.1092
2253	2284	0.5
2254	2255	0.274
2254	2256	0.1644
2254	2257	0.0959
2254	2263	0.5588
2254	2336	0.0909
2254	3485	0.1404
2257	2258	0.1373
2258	2265	0.0833
2258	2338	0.2469
2258	3485	0.1455
2258	3486	0.2182
2258	3487	0.3455
2266	2267	0.0547
2267	3856	0.0797
2267	3857	0.0864
2267	4229	0.1812
2268	2270	0.4932
2268	2271	0.5068
2268	3127	1
2271	2272	0.5
2272	3127	0.4932
2272	3128	0.5068
2272	4338	0.5
2273	2274	0.5
2273	2275	0.5
2273	3094	0.3333
2273	3877	1
2274	2276	0.3333
2276	2995	0.2868
2276	3044	0.2879
2276	3094	0.2522
2276	3095	0.3304
2276	3096	0.3217
2276	3097	0.0696
2276	3116	0.1
2277	2278	0.3333
2277	2279	0.3429
2277	2792	0.3333
2277	3810	0.3333
2279	2280	0.5
2280	3809	0.5211
2280	3810	0.493
2280	3811	1
2282	2283	1
2283	2284	0.5
2283	2285	0.5
2283	3349	0.5
2286	2287	0.3561
2286	2288	0.3561
2286	3350	0.4563
2286	3631	0.8393
2287	2289	0.5
2288	2290	1
2289	3350	0.3561
2289	3351	0.2879
2289	3352	0.0682
2289	3450	0.3333
2289	3934	0.3333
2290	3631	0.4653
2290	3632	0.5347
2290	4164	0.5
2295	2299	0.9091
2298	3050	0.3521
2298	3778	0.5
2298	3779	0.5
2299	3946	0.3214
2299	3947	0.3571
2299	4192	0.5
2302	2303	0.1025
2302	2304	0.0025
2302	2305	0.0875
2302	2306	0.095
2302	2307	0.045
2302	2313	0.407
2302	3948	0.3333
2302	3950	0.25
2302	4101	0.0588
2303	2304	1
2303	2313	0.2381
2303	2314	0.102
2303	2323	0.3333
2303	3380	0.0769
2305	2312	0.6863
2306	2315	1
2308	2309	0.5
2308	2310	0.5
2308	2526	0.3889
2308	3949	1
2309	2311	0.3933
2310	2312	0.5
2311	2526	0.5
2311	2527	0.5
2311	3645	0.3889
2312	3948	0.5
2312	3949	0.5
2315	3921	1
2315	3950	0.4795
2315	3951	0.5205
2317	2318	1
2318	2648	1
2318	2657	0.5
2318	2658	0.5
2320	2321	0.2464
2321	2957	1
2324	2325	0.4051
2324	2326	0.4177
2324	2328	0.5
2324	3053	0.5
2325	2327	1
2326	2331	0.6471
2327	2328	0.5077
2327	2329	0.4923
2327	3491	1
2329	2330	0.3333
2330	3491	0.2037
2330	3492	0.1975
2330	4082	0.5
2331	3053	0.4923
2331	3054	0.5077
2331	3836	0.5
2332	2333	0.1462
2332	2589	0.95
2332	2843	0.3333
2340	2341	0.5077
2340	2342	0.4923
2340	4081	0.5
2340	4244	1
2341	2343	0.5
2343	3492	1
2343	4081	0.4923
2343	4082	0.5077
2344	2345	0.4965
2344	2346	0.5035
2344	2347	0.0071
2344	4255	1
2346	2347	1
2347	4255	0.4894
2347	4256	0.5035
2347	4356	1
2350	2351	0.2
2351	2764	0.1
2351	3822	0.2851
2351	3980	0.1
2351	4157	0.0625
2351	4329	0.6901
2351	4349	0.0028
2351	4350	0.0337
2351	4351	0.1358
2351	4352	0.0665
2351	4353	0.0037
2351	4354	0.3109
2351	4355	0.0702
2351	4357	0.3393
2354	2356	0.2
2355	2357	0.88
2356	2661	0.4235
2356	2754	0.1087
2356	2755	1
2356	2757	0.1548
2356	2758	0.4167
2356	2759	0.2738
2357	2756	0.5
2357	2789	0.4894
2357	2790	0.4681
2360	2361	0.1383
2360	2362	0.0177
2360	2363	0.0035
2360	2364	0.1277
2360	2365	0.0709
2360	2366	0.0532
2360	2503	0.25
2360	2509	0.1538
2360	2560	0.1429
2360	3301	0.125
2360	3716	0.0714
2361	2367	0.4815
2362	2368	0.1515
2363	2369	0.1111
2364	2370	0.1818
2365	2371	0.1439
2367	2503	0.5063
2367	2504	0.4937
2367	2510	0.4762
2368	2504	0.25
2368	2509	0.0526
2368	2510	0.5263
2368	2511	0.0789
2368	2512	0.35
2369	2511	0.375
2369	2512	0.6364
2370	2558	0.3364
2370	2560	0.4022
2370	2561	0.3913
2371	3301	0.4255
2371	3302	0.4255
2371	3692	0.2667
2373	2374	0.3469
2374	2487	1
2374	3246	0.3016
2374	3247	0.4048
2376	2377	0.4848
2376	2378	0.5152
2376	3135	0.3333
2376	3618	0.25
2377	2379	0.3333
2379	3135	0.7391
2379	3136	0.2609
2379	3622	0.125
2380	2381	0.5263
2380	2382	0.4737
2380	3314	1
2380	3690	0.3333
2383	2384	0.5
2383	2385	0.5
2383	2508	1
2383	2596	0.5
2385	2386	0.5
2386	2596	0.5
2386	2597	0.5
2386	3942	1
2387	2388	0.9714
2387	2389	0.0286
2387	3448	0.3333
2388	2390	1
2389	2391	0.25
2390	3448	0.4342
2390	3449	0.5658
2390	3524	0.5
2391	3449	0.3333
2391	3524	0.2426
2391	3525	0.2604
2391	4238	0.3565
2393	2394	0.5
2394	2968	0.0476
2394	3022	0.2
2394	3917	0.2667
2394	3918	0.0286
2394	3919	0.2667
2396	2397	1
2397	2694	0.2875
2397	2695	0.275
2397	4279	0.7419
2401	2402	0.5
2401	2403	0.5
2401	2816	0.3333
2401	3407	0.3333
2402	2404	0.25
2404	2546	0.0581
2404	2567	0.193
2404	2571	0.1667
2404	2816	0.069
2404	2817	0.0287
2404	2818	0.0747
2404	2819	0.092
2404	2820	0.0287
2404	3408	0.1132
2407	2409	0.5
2407	2563	1
2412	2413	0.5
2412	2414	0.5
2412	3628	0.3333
2412	4006	0.1667
2414	2415	0.2
2415	4006	0.5
2415	4007	0.5
2415	4059	0.5
2418	2419	0.2727
2419	3188	0.1667
2419	3598	0.3333
2419	3640	0.2525
2419	3641	0.0891
2419	3642	0.0693
2419	3643	0.3168
2419	4234	0.1331
2422	2423	0.9767
2423	2799	0.2
2423	3868	0.5056
2423	3869	0.4719
2432	2437	0.9412
2437	2701	0.2735
2437	2702	0.1026
2437	2703	0.1709
2437	3549	0.1644
2437	3608	0.2703
2439	2947	0.5395
2440	2441	0.4182
2440	2442	0.5273
2440	2613	0.2614
2440	3682	0.5918
2442	2443	0.5918
2443	3682	0.2071
2443	3683	0.4643
2443	3684	0.2643
2445	2449	1
2447	2452	0.5
2449	2450	0.5
2449	2451	0.5
2449	2618	0.9706
2452	2888	1
2452	3372	0.5172
2452	3373	0.4828
2455	2457	0.5
2457	2984	0.4865
2457	2985	0.5135
2457	4248	1
2458	2459	0.4737
2458	2460	0.4474
2458	2608	0.1717
2458	3173	0.1429
2460	2461	0.1453
2461	3173	0.3462
2461	3174	0.3269
2461	3771	0.3396
2463	2464	1
2464	3554	0.5584
2464	3555	0.4416
2464	3760	0.5
2465	2466	0.5
2465	2467	0.5
2465	3571	0.5
2465	3572	0.3333
2466	2468	0.199
2467	2469	0.3333
2468	3571	1
2469	2809	1
2469	3572	0.5
2469	3573	0.5
2475	2476	1
2475	3798	0.1652
2477	2478	1
2477	2972	0.1659
2484	2492	1
2486	2493	0.68
2489	2494	0.0297
2492	3237	0.4914
2492	3238	0.5086
2492	3309	1
2493	2640	0.3889
2493	3244	0.4023
2493	3245	0.3908
2494	2506	0.25
2494	3997	0.0652
2494	3998	0.087
2494	3999	0.413
2513	2514	0.2241
2513	2515	0.2241
2513	2516	0.069
2513	2517	0.069
2513	2583	0.3333
2513	2803	0.325
2513	3221	0.1667
2513	3913	0.0336
2514	2518	0.3333
2518	2583	0.2222
2518	2584	0.3611
2518	3222	0.5714
2532	2538	0.3333
2538	2776	1
2538	2902	0.0946
2538	2903	0.3514
2538	2904	0.2297
2538	3155	1
2539	2540	0.5156
2539	2541	0.4844
2539	2542	0.4844
2539	2543	0.5
2539	4044	1
2540	2542	0.5077
2541	2543	0.9688
2542	3105	0.5156
2542	3731	0.4697
2543	3729	0.9697
2543	4044	0.0156
2543	4045	0.4844
2555	2556	0.5
2556	4047	0.5
2556	4055	0.0278
2556	4056	0.5
2556	4057	0.4722
2564	3199	1
2572	2573	0.4878
2572	2574	0.5122
2572	2623	1
2572	2989	1
2574	2575	0.8077
2575	2989	0.4878
2575	2990	0.5122
2575	3570	1
2576	2577	0.1744
2576	2578	0.0769
2576	2579	0.1795
2576	2580	0.0718
2576	3498	0.3333
2576	3646	0.1707
2576	3941	0.3301
2576	4051	0.125
2577	2581	0.4928
2578	2582	0.1667
2581	3498	0.5
2581	3499	0.4857
2581	3647	0.5072
2582	3499	0.3269
2582	3646	0.0467
2582	3647	0.1167
2582	3648	0.1067
2582	3649	0.1133
2582	3650	0.0567
2582	3663	0.1255
2582	3719	0.1636
2582	4053	0.0769
2597	2598	0.3333
2598	3942	0.3333
2598	3943	0.3333
2598	3953	0.5
2600	2601	1
2600	2602	0.5
2601	2602	0.3226
2601	3468	0.5714
2603	2604	0.4815
2603	2605	0.5185
2603	2647	0.2
2603	2708	0.3333
2605	2606	0.2029
2606	2650	0.125
2606	2708	0.1605
2606	2709	0.1049
2606	2710	0.1728
2606	2711	0.1049
2606	3532	0.3662
2606	4182	0.1667
2615	2858	0.5
2615	2859	0.5
2627	2629	1
2629	2630	0.4831
2629	2631	0.5056
2629	2770	0.3185
2631	2632	0.3169
2632	2721	0.4943
2632	2770	0.4831
2632	2771	0.5056
2649	2659	0.1827
2655	2662	0.0625
2659	2660	0.2823
2659	2661	0.2903
2659	2758	0.2244
2662	3063	0.3333
2662	3626	0.2
2662	3735	0.2588
2662	3850	0.1395
2662	3851	0.1134
2662	3852	0.0552
2662	3853	0.061
2662	3854	0.0552
2662	3855	0.1337
2662	4095	0.25
2662	4247	0.0907
2667	2671	0.3333
2668	2672	1
2671	2935	0.3496
2671	3599	0.0659
2671	3600	0.4615
2671	3601	0.4066
2671	3831	0.5
2672	3601	0.5
2672	3830	0.5068
2672	3831	0.4932
2676	2677	0.9524
2677	3579	0.27
2677	3580	1
2677	3789	0.02
2677	3790	0.02
2677	3791	0.15
2677	3892	0.5
2679	2680	0.3333
2680	3120	0.5
2680	3922	0.5135
2680	3923	0.4865
2684	2685	0.1241
2685	3174	0.3469
2685	3770	0.4359
2685	3771	0.4615
2691	2692	0.25
2692	3194	0.5
2692	3195	0.5
2692	3263	0.25
2696	2697	0.2105
2696	2698	0.2105
2696	3253	0.25
2696	3479	0.32
2704	2705	0.3371
2704	2706	0.236
2704	3204	0.4143
2704	3697	0.3333
2705	2707	1
2707	3204	0.4915
2707	3205	0.5085
2707	3278	1
2710	2712	0.459
2712	3532	0.5532
2712	3533	0.4468
2712	4108	0.3393
2718	2719	1
2719	2967	0.4875
2719	3711	0.0132
2719	3712	0.5
2719	3713	0.4868
2728	2734	0.3333
2729	2738	0.4815
2734	2735	0.0702
2734	2736	0.4912
2734	2737	0.193
2734	2738	0.483
2734	2740	0.7222
2734	2742	0.5217
2737	2738	0.5
2738	2741	0.4902
2738	2742	0.2353
2738	2743	0.0196
2738	3621	0.1
2744	2745	0.4932
2744	2746	0.5068
2744	2822	1
2744	3725	0.5217
2747	2748	0.5077
2747	2749	0.4923
2747	3409	1
2747	4033	0.9706
2748	2750	0.3367
2750	2988	0.5
2750	3409	0.4923
2750	3410	0.5077
2752	2753	0.25
2753	3772	0.5
2753	3773	0.5
2753	3829	0.3333
2754	2755	0.3696
2754	2756	0.5
2754	2759	1
2754	2790	0.5116
2762	2765	0.3333
2763	2766	0.4094
2765	2766	0.0255
2765	2905	0.0476
2765	2906	0.5
2765	2907	0.4405
2765	3826	0.5
2765	3961	1
2766	2907	1
2766	3960	0.4762
2766	3961	0.2517
2772	2773	0.4722
2772	2774	0.5278
2772	3300	1
2772	3457	1
2785	2786	0.4659
2785	2787	0.5341
2785	4138	0.2527
2785	4184	0.3333
2787	2788	0.5054
2788	4184	0.4659
2788	4185	0.5341
2793	2794	0.5176
2793	2795	0.4824
2793	2796	0.5176
2795	2796	1
2796	3525	1
2796	4238	0.4824
2797	2798	0.4828
2797	2799	0.5172
2797	3364	0.5
2797	3869	0.2577
2800	2801	0.5038
2800	3202	0.25
2800	3861	1
2801	3202	0.4962
2801	3203	0.5038
2805	2806	0.407
2806	2990	0.2658
2806	3569	0.1084
2806	3570	0.0602
2807	2808	0.2467
2807	2809	0.2533
2807	3009	0.2533
2807	3573	0.3333
2812	2813	0.4872
2812	2814	0.5128
2812	3964	1
2812	4070	1
2813	2815	1
2815	2885	0.3333
2815	3964	0.5128
2815	3965	0.4872
2825	2826	0.7246
2826	2829	0.1903
2830	2841	0.8889
2840	3873	0.5263
2840	3874	0.4737
2840	3875	0.027
2840	4028	1
2840	4039	1
2844	2845	0.5
2844	2846	0.5
2844	3591	1
2844	4251	0.5
2846	3587	1
2846	3591	0.5
2847	2848	0.5
2847	2849	0.4744
2847	3158	0.3058
2847	3242	1
2861	2862	0.2167
2862	3214	0.5
2862	3848	0.3182
2862	3849	0.2955
2871	2872	0.5
2871	2873	0.5
2871	2918	0.3333
2871	3799	0.5
2872	2874	0.3306
2874	2918	0.2381
2874	2919	0.256
2874	2920	0.0238
2874	3325	0.898
2874	3800	0.1875
2881	2882	1
2882	2983	0.5
2882	3804	0.2267
2883	2884	0.4872
2883	2885	0.5128
2883	2927	0.5
2883	3965	0.5
2884	2886	0.25
2886	2927	0.5128
2886	2928	0.4872
2886	4231	0.2
2887	2888	0.5172
2887	2889	0.4828
2887	3373	0.5
2887	3425	0.3333
2892	2894	0.1429
2894	2926	0.3333
2894	3077	0.5
2894	3656	0.1222
2894	3657	0.2778
2894	3658	0.4
2906	2908	0.3333
2908	3826	0.2727
2908	3827	0.2468
2908	3955	0.4933
2909	2910	0.4872
2909	2911	0.5128
2909	2933	0.5
2909	4102	0.5
2912	2913	0.5
2912	2914	0.5
2912	3130	0.5
2912	3914	0.5
2914	2915	0.25
2915	3914	0.3333
2915	3945	0.3333
2929	2930	0.5217
2929	2931	0.4783
2929	3292	1
2929	3702	0.25
2934	2935	0.3739
2934	2936	0.5739
2934	3600	0.3333
2934	4252	0.6907
2953	2954	0.5
2954	3736	0.5
2954	3854	0.3333
2954	4093	0.4938
2954	4094	0.2716
2954	4095	0.2346
2959	2960	0.3913
2960	2992	0.407
2960	3031	0.493
2960	3032	0.507
2981	2982	0.4533
2981	2983	0.5467
2981	3381	0.6721
2981	3804	1
2985	2986	1
2986	3262	1
2986	4248	0.3214
2986	4249	0.3393
2991	2992	0.493
2991	2993	0.507
2991	3032	0.6923
2991	4232	1
2994	2995	0.4744
2994	2996	0.4872
2994	3095	0.5
2994	4084	0.2868
2998	2999	0.5
2999	3001	0.3333
2999	3059	0.1978
2999	3060	0.2088
2999	3061	0.3956
2999	3459	0.4
3004	3005	0.0256
3004	3006	0.4872
3004	3007	0.4872
3004	3067	0.5128
3004	3356	0.4872
3013	3015	1
3015	3080	0.4744
3015	3081	0.4744
3015	3082	0.04
3015	3906	1
3016	3017	1
3016	3018	0.4935
3017	3018	0.5067
3017	3019	0.4933
3017	3585	0.5067
3019	3020	0.5
3020	3585	0.5067
3020	3586	0.4933
3020	3818	0.5
3023	3024	0.5063
3023	3025	0.4937
3023	3062	1
3023	3624	0.5
3024	3026	0.9756
3026	3062	0.4937
3026	3063	0.5063
3026	3851	1
3033	3034	0.4865
3033	3035	0.5135
3033	3575	1
3033	3978	0.5
3037	3038	0.1237
3038	3041	0.1263
3038	3042	0.1263
3038	3933	0.1429
3055	3056	0.5
3055	3057	0.5
3055	3078	0.5
3055	3963	1
3056	3058	0.2
3058	3078	0.1327
3058	3079	0.1239
3058	3273	0.0565
3073	3074	0.5
3074	3465	0.4865
3074	3466	0.5135
3074	3497	0.5
3075	3076	0.5
3075	3077	0.5
3075	3433	0.5
3075	3658	1
3081	3082	1
3082	3905	1
3082	3906	0.4667
3082	3907	0.4933
3086	3087	0.1914
3086	3088	0.445
3086	3089	0.2727
3086	4120	0.5
3086	4150	0.3606
3086	4169	0.5
3087	3090	1
3089	3091	1
3090	3340	0.6786
3090	4120	0.4872
3090	4121	0.5128
3091	3317	1
3091	4169	0.4911
3091	4170	0.5089
3092	3093	0.5035
3092	4196	0.5
3098	3099	0.5135
3098	3100	0.4865
3098	3482	0.2687
3098	4286	0.1484
3099	3101	0.1681
3101	3482	0.383
3101	3483	0.5106
3101	3484	0.1064
3101	3596	0.2233
3101	4287	0.0769
3117	3124	1
3124	3125	0.4933
3124	3126	0.5067
3124	4086	1
3131	3132	0.5
3131	3133	0.5
3131	3159	0.5
3131	4002	0.25
3133	3134	0.25
3134	3387	0.2
3134	4002	0.5
3134	4003	0.5
3140	3141	0.507
3140	3142	0.493
3140	3781	0.2
3140	3879	0.2
3145	3146	0.0093
3145	3147	0.3241
3145	3149	1
3145	4209	0.2534
3147	3150	0.5
3150	4112	0.5
3150	4209	0.5068
3150	4210	0.4795
3178	3179	1
3179	4168	0.5
3179	4171	0.4935
3179	4172	0.5065
3198	3199	0.5
3199	3927	0.5
3201	3729	0.5079
3201	4045	1
3205	3206	1
3206	3278	0.4915
3206	3279	0.5085
3206	3866	0.5
3210	3215	1
3215	3248	0.2568
3215	3249	0.2432
3215	3506	0.5
3235	3236	1
3235	4001	0.1667
3254	3255	0.0893
3254	3256	0.3214
3254	3844	0.5
3254	3930	0.3333
3256	3257	0.3396
3257	3864	0.1852
3257	3930	0.122
3257	3931	0.439
3279	3280	0.2941
3280	3691	0.2
3280	3866	0.1959
3280	3867	0.2027
3282	3284	0.5
3284	4292	0.4938
3284	4293	0.0494
3284	4294	0.4568
3284	4341	0.3333
3284	4347	0.5
3294	3295	0.6
3295	3597	0.4828
3295	3598	0.5172
3295	3642	1
3302	3303	0.5
3303	3692	0.5
3303	3693	0.5
3303	3717	0.5
3315	3316	0.5089
3315	3317	0.4911
3315	3637	1
3315	4170	1
3318	3319	0.5045
3318	3320	0.4955
3318	3763	0.3741
3318	3774	0.2732
3320	3321	0.4331
3321	3392	0.0053
3321	3397	1
3321	3774	0.5045
3321	3775	0.4955
3332	3333	0.2414
3333	3368	0.4286
3333	3411	0.0152
3333	3412	0.3182
3333	3413	0.3182
3333	3901	0.1429
3345	3346	0.5075
3345	3347	0.4925
3345	3510	0.5
3345	4186	1
3351	3353	1
3352	3354	0.25
3353	3450	0.5065
3353	3451	0.4935
3353	3935	1
3354	3451	0.3333
3354	3934	0.0672
3354	3935	0.291
3354	3936	0.3507
3354	4128	0.8421
3361	3362	1
3362	3728	0.4737
3362	4025	0.5
3370	3371	0.25
3371	3755	0.2674
3371	4173	0.3908
3371	4174	0.6092
3392	3393	0.2032
3392	3394	0.1979
3392	3395	0.0963
3392	3396	0.1016
3392	3397	0.2941
3392	3399	0.5
3392	3401	0.7361
3392	3740	0.0769
3392	3764	0.1429
3392	3775	0.5
3414	3415	0.5
3414	3416	0.5
3414	3418	1
3414	3625	0.3362
3443	3444	0.5556
3444	3865	0.3269
3444	4079	0.6071
3444	4080	0.1786
3452	3453	0.5357
3452	3454	0.4524
3452	3568	1
3452	4162	0.5
3454	3455	1
3455	4158	0.0256
3455	4160	1
3455	4162	0.5476
3455	4163	0.4524
3471	3472	1
3472	3858	0.3333
3472	3859	0.3333
3472	4065	0.25
3494	3495	0.5
3495	3936	0.8393
3495	4127	0.304
3495	4128	0.384
3533	3534	0.3387
3534	4108	0.475
3534	4109	0.525
3534	4183	1
3579	3580	0.46
3579	3581	0.5
3579	3790	1
3587	3588	0.5
3587	3976	1
3610	3611	0.3333
3611	3956	0.3333
3611	3957	0.3426
3611	3959	0.3364
3632	3633	0.2784
3633	4161	0.7639
3633	4164	0.2222
3633	4165	0.2263
3649	3651	0.25
3651	3664	0.493
3651	3719	0.5072
3651	3720	0.4928
3734	3735	0.5116
3734	3736	0.4884
3734	3853	1
3734	4094	0.5
3741	3747	0.5
3747	3748	0.5
3747	3749	0.5
3747	3758	1
3809	3811	0.4789
3809	3812	0.507
3809	4265	0.5
3813	3814	0.496
3813	3815	0.504
3813	3969	1
3814	3816	0.5
3816	3969	1
3862	3863	0.0227
3862	3864	0.1136
3862	3865	0.3864
3862	3931	0.2
3862	4080	0.3333
3874	3875	1
3875	4028	0.4865
3875	4029	0.4865
3875	4040	1
3893	3895	0.5
3895	3957	1
3895	3958	0.5068
3895	3959	0.4932
3970	3971	0.5038
3970	3972	0.4962
3970	3974	1
3970	4300	0.3333
4011	4012	1
4012	4193	0.5
4154	4158	0.4764
4155	4166	0.5
4158	4159	0.3974
4158	4160	0.1709
4158	4161	0.235
4158	4163	0.5
4158	4165	0.5914
4166	4167	0.5065
4166	4168	0.4935
4166	4172	0.3333
4211	4212	0.5
4211	4213	0.5
4211	4221	1
4211	4223	0.3333
4256	4257	0.5
4257	4355	0.5
4257	4356	0.473
4257	4357	0.5135
4258	4268	0.5
4258	4270	1
4258	4275	0.5
4259	4272	1
4259	4276	0.5038
4259	4277	0.4962
4268	4269	0.5
4268	4270	0.5
4268	4271	0.5
4269	4271	1
4271	4273	0.5
4271	4274	1
4273	4274	1
4294	4295	1
4295	4345	1
4295	4347	0.4861
4295	4348	0.5139
4302	4303	0.9907
4303	4327	0.8915
4303	4333	0.1682
4303	4334	0.5249
4303	4335	0.3037
4303	4344	0.3555
4308	4330	0.7448
4308	4358	0.5
4308	4359	0.5
4331	4332	0.5
4332	4346	1
4332	4360	0.5067
4332	4361	0.4933
